desc: I1 cache:         32768 B, 64 B, 8-way associative
desc: D1 cache:         32768 B, 32 B, 8-way associative
desc: LL cache:         262144 B, 64 B, 8-way associative
cmd: ./soa
events: Ir I1mr ILmr Dr D1mr DLmr Dw D1mw DLmw 
fl=/build/glibc-yWQXbR/glibc-2.24/csu/../csu/init-first.c
fn=_init
52 8 1 1 0 0 0 4 0 0
58 4 1 1 1 1 1 1 1 1
65 5 1 1 4 2 2 0 0 0
70 1 0 0 0 0 0 1 1 1
71 1 0 0 0 0 0 1 1 1
72 2 1 1 1 1 1 1 1 1
86 4 0 0 0 0 0 1 0 0
94 1 0 0 0 0 0 1 0 0
99 6 0 0 5 0 0 0 0 0
fl=/build/glibc-yWQXbR/glibc-2.24/csu/../csu/libc-start.c
fn=(below main)
134 10 2 2 0 0 0 8 0 0
138 6 0 0 1 1 0 1 0 0
220 2 0 0 0 0 0 0 0 0
221 4 1 1 0 0 0 1 0 0
243 4 0 0 2 0 0 0 0 0
246 2 0 0 0 0 0 0 0 0
247 5 0 0 4 0 0 1 0 0
251 4 1 1 2 1 0 0 0 0
266 2 0 0 0 0 0 0 0 0
278 2 0 0 0 0 0 1 0 0
279 2 0 0 0 0 0 0 0 0
284 2 0 0 1 1 1 1 0 0
285 2 0 0 1 1 1 1 0 0
288 2 0 0 0 0 0 1 0 0
291 6 0 0 5 0 0 1 0 0
325 4 1 1 0 0 0 1 0 0
fl=/build/glibc-yWQXbR/glibc-2.24/csu/../sysdeps/generic/dl-hash.h
fn=_init
45 12 0 0 4 1 1 0 0 0
48 12 0 0 0 0 0 0 0 0
62 16 0 0 0 0 0 0 0 0
67 1 0 0 0 0 0 0 0 0
fl=/build/glibc-yWQXbR/glibc-2.24/csu/../sysdeps/unix/sysv/linux/x86_64/init-first.c
fn=_init
36 10 1 1 0 0 0 4 0 0
38 4 1 1 0 0 0 1 0 0
39 2 0 0 0 0 0 0 0 0
40 2 0 0 0 0 0 0 0 0
41 2 0 0 1 1 0 0 0 0
42 1 0 0 0 0 0 1 0 0
44 3 0 0 0 0 0 1 0 0
45 2 0 0 1 0 0 0 0 0
46 1 0 0 0 0 0 1 0 0
fl=/build/glibc-yWQXbR/glibc-2.24/ctype/ctype-info.c
fn=__ctype_init
31 7 1 1 5 3 2 1 0 0
33 4 0 0 2 1 1 1 0 0
35 5 1 1 3 1 1 1 0 0
fl=/build/glibc-yWQXbR/glibc-2.24/elf/../elf/dl-runtime.c
fn=_dl_fixup
66 30 1 1 0 0 0 10 0 0
68 10 0 0 10 1 0 0 0 0
69 20 0 0 20 4 3 0 0 0
72 50 0 0 20 8 3 0 0 0
73 70 0 0 20 8 3 10 0 0
74 30 1 1 20 1 1 0 0 0
79 20 0 0 0 0 0 0 0 0
83 20 0 0 10 10 9 0 0 0
87 30 0 0 10 4 3 0 0 0
91 20 0 0 20 14 6 0 0 0
92 40 1 1 10 3 3 0 0 0
94 40 0 0 10 7 3 0 0 0
100 10 0 0 0 0 0 0 0 0
101 30 0 0 10 1 0 0 0 0
111 100 1 1 20 4 3 30 1 0
115 50 0 0 30 0 0 0 0 0
125 60 0 0 20 0 0 0 0 0
133 10 0 0 10 0 0 0 0 0
141 40 1 1 10 0 0 0 0 0
145 30 0 0 10 2 2 0 0 0
149 30 0 0 20 0 0 0 0 0
fl=/build/glibc-yWQXbR/glibc-2.24/elf/../elf/dl-sysdep.c
fn=_dl_sysdep_start
86 8 2 2 0 0 0 6 2 1
110 1 0 0 0 0 0 1 0 0
111 80 0 0 25 7 4 4 3 3
114 2 0 0 0 0 0 1 0 0
115 1 0 0 0 0 0 1 1 0
117 132 4 4 34 6 3 17 2 1
118 107 2 2 18 4 3 0 0 0
121 1 0 0 1 0 0 0 0 0
122 1 0 0 0 0 0 0 0 0
124 1 0 0 1 0 0 0 0 0
125 1 0 0 0 0 0 0 0 0
127 1 1 1 1 0 0 0 0 0
128 2 0 0 0 0 0 0 0 0
130 1 0 0 1 1 0 0 0 0
131 2 0 0 0 0 0 0 0 0
151 1 0 0 1 0 0 0 0 0
152 2 0 0 0 0 0 0 0 0
154 1 0 0 1 1 0 0 0 0
155 2 0 0 0 0 0 0 0 0
157 2 1 1 1 1 0 1 0 0
158 2 0 0 0 0 0 0 0 0
163 2 1 1 1 1 1 1 0 0
164 2 0 0 0 0 0 1 0 0
179 2 1 1 1 1 1 1 0 0
180 2 0 0 0 0 0 1 0 0
231 3 1 1 1 0 0 0 0 0
232 2 0 0 0 0 0 2 0 0
234 5 0 0 0 0 0 1 0 0
246 3 0 0 1 0 0 0 0 0
249 5 0 0 1 0 0 1 0 0
251 9 1 1 8 3 2 0 0 0
fn=_dl_sysdep_start_cleanup
256 1 1 1 1 0 0 0 0 0
fl=/build/glibc-yWQXbR/glibc-2.24/elf/../elf/dl-tls.c
fn=_dl_add_to_slotinfo
890 8 1 1 0 0 0 6 0 0
896 4 0 0 2 0 0 0 0 0
899 2 0 0 2 2 0 0 0 0
904 6 0 0 2 1 1 0 0 0
945 2 0 0 0 0 0 2 2 0
946 10 1 1 2 2 1 2 0 0
947 8 0 0 8 0 0 0 0 0
fn=_dl_allocate_tls_init
449 8 1 1 0 0 0 7 0 0
450 2 0 0 0 0 0 0 0 0
454 3 0 0 1 1 1 1 0 0
456 2 0 0 0 0 0 1 0 0
457 1 1 1 0 0 0 0 0 0
460 3 0 0 2 1 1 0 0 0
472 1 0 0 1 0 0 0 0 0
477 12 0 0 4 0 0 0 0 0
483 21 1 1 5 0 0 1 0 0
486 2 0 0 2 1 1 0 0 0
487 4 1 1 0 0 0 0 0 0
493 6 0 0 4 0 0 0 0 0
494 4 0 0 0 0 0 0 0 0
496 10 0 0 4 1 1 2 1 0
497 2 0 0 0 0 0 2 0 0
499 4 0 0 0 0 0 0 0 0
500 4 1 1 2 1 0 0 0 0
503 4 0 0 0 0 0 0 0 0
504 8 0 0 4 2 2 0 0 0
506 4 0 0 0 0 0 0 0 0
507 6 0 0 2 0 0 0 0 0
515 14 1 1 2 0 0 4 0 0
529 2 1 1 1 0 0 1 0 0
532 9 1 1 8 0 0 0 0 0
fn=_dl_allocate_tls_storage
354 3 1 1 0 0 0 2 0 0
356 1 0 0 1 0 0 0 0 0
367 3 0 0 1 0 0 1 0 0
368 2 1 1 0 0 0 0 0 0
375 2 0 0 0 0 0 0 0 0
379 297 0 0 0 0 0 289 72 36
390 2 1 1 0 0 0 1 0 0
391 2 0 0 0 0 0 0 0 0
396 4 0 0 3 0 0 0 0 0
fn=_dl_count_modids
115 2 1 1 1 0 0 0 0 0
116 2 0 0 2 0 0 0 0 0
fn=_dl_determine_tlsoffset
138 5 0 0 0 0 0 5 0 0
144 3 1 1 1 0 0 0 0 0
147 2 1 1 1 0 0 0 0 0
183 17 0 0 3 1 1 0 0 0
185 12 0 0 1 0 0 0 0 0
187 6 1 1 2 0 0 0 0 0
188 4 1 1 2 0 0 0 0 0
190 4 0 0 0 0 0 0 0 0
192 10 0 0 2 0 0 0 0 0
208 16 1 1 0 0 0 0 0 0
210 4 0 0 0 0 0 0 0 0
211 4 0 0 0 0 0 0 0 0
220 2 0 0 0 0 0 2 0 0
223 1 1 1 0 0 0 1 0 0
224 1 0 0 0 0 0 1 0 0
275 1 0 0 0 0 0 1 0 0
276 6 0 0 6 0 0 0 0 0
fn=_dl_next_tls_modid
52 8 1 1 4 0 0 0 0 0
100 4 0 0 2 0 0 2 0 0
fn=allocate_dtv
314 4 1 1 0 0 0 2 0 0
321 2 0 0 1 0 0 0 0 0
322 3 0 0 0 0 0 1 0 0
323 2 0 0 0 0 0 0 0 0
326 2 1 1 0 0 0 1 1 1
332 2 0 0 0 0 0 1 0 0
338 4 0 0 3 0 0 0 0 0
fl=/build/glibc-yWQXbR/glibc-2.24/elf/../misc/sbrk.c
fn=sbrk
34 4 0 0 0 0 0 2 0 0
42 6 1 1 2 1 1 0 0 0
46 2 0 0 0 0 0 0 0 0
62 5 0 0 3 0 0 0 0 0
fl=/build/glibc-yWQXbR/glibc-2.24/elf/../sysdeps/generic/ldsodefs.h
fn=_dl_relocate_object
102 9666 0 0 3222 0 0 0 0 0
fn=do_lookup_x
102 6021 1 1 2007 0 0 0 0 0
fl=/build/glibc-yWQXbR/glibc-2.24/elf/../sysdeps/posix/dl-fileid.h
fn=_dl_map_object_from_fd
37 30 0 0 0 0 0 5 0 0
40 5 0 0 5 0 0 0 0 0
41 10 0 0 5 0 0 5 0 0
49 60 0 0 30 1 1 0 0 0
fl=/build/glibc-yWQXbR/glibc-2.24/elf/../sysdeps/unix/sysv/linux/dl-osinfo.h
fn=dl_main
64 2 0 0 1 0 0 0 0 0
77 1 0 0 1 0 0 0 0 0
fl=/build/glibc-yWQXbR/glibc-2.24/elf/../sysdeps/unix/sysv/linux/dl-sysdep.c
fn=_dl_discover_osversion
45 7 1 1 0 0 0 6 0 0
47 4 0 0 1 0 0 1 1 1
87 5 1 1 0 0 0 1 0 0
102 1 0 0 0 0 0 0 0 0
106 1 0 0 0 0 0 0 0 0
107 1 1 1 0 0 0 0 0 0
109 12 0 0 3 1 1 0 0 0
111 6 0 0 0 0 0 0 0 0
113 12 0 0 3 0 0 0 0 0
119 3 0 0 0 0 0 0 0 0
120 3 1 1 0 0 0 0 0 0
121 3 0 0 0 0 0 0 0 0
123 13 0 0 0 0 0 0 0 0
128 2 0 0 0 0 0 0 0 0
132 8 0 0 7 0 0 0 0 0
fn=_dl_sysdep_start
35 2 0 0 0 0 0 1 1 0
fl=/build/glibc-yWQXbR/glibc-2.24/elf/../sysdeps/unix/sysv/linux/dl-vdso.c
fn=_dl_vdso_vsym
27 8 1 1 8 2 0 0 0 0
28 4 1 1 0 0 0 0 0 0
31 8 0 0 0 0 0 0 0 0
48 4 0 0 4 0 0 0 0 0
fl=/build/glibc-yWQXbR/glibc-2.24/elf/../sysdeps/unix/sysv/linux/x86_64/brk.c
fn=brk
31 7 1 1 0 0 0 1 1 1
33 2 1 1 0 0 0 0 0 0
39 1 0 0 0 0 0 0 0 0
40 1 0 0 1 0 0 0 0 0
fl=/build/glibc-yWQXbR/glibc-2.24/elf/../sysdeps/x86/cpu-features.c
fn=_dl_sysdep_start
166 1 0 0 0 0 0 1 0 0
167 1 0 0 0 0 0 1 0 0
168 1 0 0 0 0 0 1 0 0
179 3 0 0 0 0 0 1 0 0
182 8 1 1 0 0 0 0 0 0
186 1 0 0 0 0 0 0 0 0
188 5 1 1 0 0 0 1 0 0
191 3 0 0 1 0 0 0 0 0
193 1 0 0 1 0 0 0 0 0
194 3 1 1 2 0 0 1 0 0
195 7 0 0 1 1 1 0 0 0
201 2 1 1 0 0 0 1 0 0
241 2 0 0 0 0 0 0 0 0
263 3 0 0 1 0 0 0 0 0
273 2 1 1 0 0 0 0 0 0
275 1 0 0 0 0 0 0 0 0
282 8 0 0 2 0 0 1 0 0
336 3 1 1 1 0 0 0 0 0
337 1 0 0 1 0 0 0 0 0
340 2 0 0 0 0 0 0 0 0
341 1 0 0 1 0 0 0 0 0
354 6 2 2 0 0 0 0 0 0
355 4 1 1 1 0 0 0 0 0
359 2 1 1 1 0 0 0 0 0
365 1 0 0 0 0 0 1 0 0
366 1 0 0 0 0 0 1 0 0
367 1 0 0 0 0 0 1 0 0
fn=get_common_indeces.constprop.1
24 2 1 1 0 0 0 1 0 0
29 4 0 0 0 0 0 0 0 0
32 5 1 1 0 0 0 3 1 0
35 1 0 0 0 0 0 1 0 0
36 4 0 0 0 0 0 1 0 0
37 4 0 0 0 0 0 1 0 0
38 4 0 0 0 0 0 1 0 0
39 3 0 0 0 0 0 1 0 0
40 2 0 0 1 0 0 0 0 0
47 2 0 0 1 0 0 0 0 0
48 7 1 1 0 0 0 4 0 0
55 3 0 0 1 0 0 0 0 0
59 2 0 0 0 0 0 0 0 0
61 4 1 1 0 0 0 0 0 0
65 2 1 1 0 0 0 0 0 0
67 1 1 1 1 1 1 0 0 0
69 3 0 0 1 0 0 0 0 0
71 1 0 0 1 0 0 0 0 0
74 3 0 0 0 0 0 0 0 0
90 2 0 0 0 0 0 0 0 0
92 2 0 0 1 0 0 0 0 0
97 2 0 0 1 0 0 0 0 0
101 4 0 0 0 0 0 0 0 0
102 2 0 0 0 0 0 0 0 0
105 4 0 0 0 0 0 1 0 0
107 3 0 0 0 0 0 0 0 0
110 2 1 1 0 0 0 0 0 0
160 3 0 0 2 0 0 0 0 0
fl=/build/glibc-yWQXbR/glibc-2.24/elf/../sysdeps/x86_64/dl-irel.h
fn=_dl_fixup
32 2 1 1 0 0 0 1 0 0
fl=/build/glibc-yWQXbR/glibc-2.24/elf/../sysdeps/x86_64/dl-machine.h
fn=_dl_fixup
241 10 0 0 0 0 0 10 0 0
fn=_dl_relocate_object
76 42 0 0 7 0 0 0 0 0
82 12 0 0 12 7 3 0 0 0
86 18 1 1 6 6 6 0 0 0
92 6 0 0 0 0 0 6 0 0
100 18 0 0 6 0 0 0 0 0
120 12 0 0 6 1 1 0 0 0
122 6 0 0 0 0 0 6 0 0
124 24 1 1 6 0 0 0 0 0
131 21 0 0 7 6 4 0 0 0
275 6474 1 1 0 0 0 0 0 0
296 6474 0 0 0 0 0 0 0 0
300 6474 0 0 0 0 0 0 0 0
307 153386 17 17 31803 1750 1359 19410 10 3
309 16094 0 0 6428 6 2 0 0 0
312 12856 0 0 3214 0 0 0 0 0
318 19422 1 1 3237 5 4 0 0 0
351 6 1 1 0 0 0 0 0 0
352 9 0 0 3 1 1 3 1 1
359 6 0 0 2 0 0 0 0 0
361 4 0 0 4 1 1 0 0 0
370 4 0 0 0 0 0 2 1 0
413 45 1 1 15 0 0 0 0 0
417 75 0 0 15 1 0 0 0 0
422 3262 2 2 3247 809 404 0 0 0
431 6464 0 0 0 0 0 3232 1675 446
474 18 0 0 0 0 0 6 2 0
518 5865 0 0 1955 978 489 0 0 0
523 3910 0 0 0 0 0 0 0 0
524 5865 0 0 1955 489 245 1955 770 436
534 1776 0 0 899 0 0 0 0 0
538 1754 0 0 0 0 0 0 0 0
540 2631 0 0 877 4 0 0 0 0
541 877 0 0 877 222 110 0 0 0
558 44 0 0 44 0 0 0 0 0
559 66 0 0 0 0 0 22 0 0
560 66 0 0 22 0 0 22 0 0
561 72 1 1 28 0 0 22 3 0
fn=_dl_start
59 3 0 0 1 1 1 0 0 0
76 1 0 0 1 0 0 0 0 0
272 6 0 0 0 0 0 0 0 0
300 12 0 0 0 0 0 0 0 0
309 24 0 0 12 3 1 0 0 0
312 24 0 0 6 5 5 0 0 0
318 37 0 0 6 1 1 0 0 0
337 18 1 1 6 1 1 6 2 1
405 1 1 1 0 0 0 0 0 0
523 20 0 0 10 3 2 0 0 0
524 30 0 0 10 3 1 10 4 3
fn=_dl_sysdep_start
225 5 1 1 2 1 1 0 0 0
fl=/build/glibc-yWQXbR/glibc-2.24/elf/../sysdeps/x86_64/dl-trampoline.h
fn=_dl_runtime_resolve_xsave
71 10 1 1 0 0 0 10 0 0
74 10 0 0 0 0 0 0 0 0
76 10 0 0 0 0 0 0 0 0
86 10 0 0 10 2 1 0 0 0
92 10 0 0 0 0 0 10 1 1
93 10 0 0 0 0 0 10 0 0
94 10 0 0 0 0 0 10 0 0
95 10 0 0 0 0 0 10 0 0
96 10 0 0 0 0 0 10 1 0
97 10 0 0 0 0 0 10 0 0
98 10 1 1 0 0 0 10 0 0
102 10 0 0 0 0 0 0 0 0
103 10 0 0 0 0 0 0 0 0
106 10 0 0 0 0 0 10 2 2
107 10 0 0 0 0 0 10 0 0
109 10 0 0 0 0 0 10 0 0
110 10 0 0 0 0 0 10 0 0
111 10 0 0 0 0 0 10 2 0
112 10 0 0 0 0 0 10 0 0
113 10 0 0 0 0 0 10 0 0
114 10 1 1 0 0 0 10 0 0
116 10 0 0 10 0 0 330 29 16
123 10 0 0 10 0 0 0 0 0
124 10 0 0 10 0 0 0 0 0
125 10 0 0 0 0 0 10 1 1
126 10 0 0 0 0 0 0 0 0
131 10 0 0 0 0 0 0 0 0
132 10 0 0 0 0 0 0 0 0
133 10 0 0 360 0 0 0 0 0
135 10 0 0 10 0 0 0 0 0
136 10 0 0 10 0 0 0 0 0
137 10 0 0 10 0 0 0 0 0
138 10 0 0 10 0 0 0 0 0
139 10 1 1 10 0 0 0 0 0
140 10 0 0 10 0 0 0 0 0
141 10 0 0 10 0 0 0 0 0
143 10 0 0 0 0 0 0 0 0
145 10 0 0 10 0 0 0 0 0
149 10 0 0 0 0 0 0 0 0
152 10 0 0 0 0 0 0 0 0
fl=/build/glibc-yWQXbR/glibc-2.24/elf/./dl-load.h
fn=_dl_map_object_from_fd
90 20 0 0 10 0 0 0 0 0
91 15 0 0 10 0 0 5 0 0
93 20 0 0 10 2 1 0 0 0
94 16 1 1 8 0 0 0 0 0
95 24 1 1 8 0 0 0 0 0
96 16 0 0 4 0 0 0 0 0
98 16 0 0 0 0 0 4 0 0
fl=/build/glibc-yWQXbR/glibc-2.24/elf/./dl-map-segments.h
fn=_dl_map_object_from_fd
50 15 0 0 5 0 0 5 0 0
56 45 1 1 15 0 0 15 0 0
60 20 0 0 10 0 0 0 0 0
63 15 1 1 5 0 0 5 0 0
64 10 0 0 0 0 0 5 0 0
66 10 0 0 5 0 0 0 0 0
72 40 1 1 10 0 0 10 0 0
73 20 1 1 10 0 0 0 0 0
76 10 0 0 5 0 0 0 0 0
86 50 0 0 0 0 0 0 0 0
88 20 0 0 10 0 0 0 0 0
90 90 1 1 30 0 0 20 0 0
100 40 1 1 20 0 0 0 0 0
106 10 0 0 5 0 0 0 0 0
107 5 0 0 0 0 0 0 0 0
108 25 0 0 5 0 0 0 0 0
109 10 0 0 0 0 0 0 0 0
116 15 0 0 0 0 0 5 0 0
119 10 1 1 5 0 0 0 0 0
127 60 1 1 20 0 0 20 0 0
133 10 0 0 5 0 0 0 0 0
137 22 2 2 4 0 0 6 0 0
140 8 0 0 4 0 0 0 0 0
145 10 1 1 0 0 0 0 0 0
fl=/build/glibc-yWQXbR/glibc-2.24/elf/dl-addr.c
fn=_dl_addr
30 2 1 1 1 0 0 1 0 0
31 2 0 0 1 0 0 1 0 0
34 2 0 0 1 0 0 0 0 0
38 1 0 0 1 0 0 0 0 0
39 1 0 0 1 0 0 0 0 0
40 3 0 0 2 0 0 1 0 0
42 2 0 0 2 0 0 0 0 0
45 2 0 0 1 1 1 0 0 0
50 2030 1 1 2 0 0 0 0 0
52 1011 0 0 1011 125 53 0 0 0
53 2022 0 0 0 0 0 0 0 0
55 3628 0 0 907 0 0 0 0 0
61 11195 1 1 2239 965 475 0 0 0
63 8956 1 1 2239 0 0 0 0 0
64 16364 0 0 5120 708 353 0 0 0
69 2239 0 0 0 0 0 0 0 0
71 9060 1 1 2239 277 128 0 0 0
100 3 0 0 1 1 0 0 0 0
101 1 0 0 0 0 0 1 1 0
102 3 0 0 1 1 0 0 0 0
105 2 0 0 0 0 0 0 0 0
117 1 1 1 0 0 0 1 1 0
118 1 0 0 0 0 0 1 0 0
127 11 2 2 0 0 0 8 0 0
132 3 0 0 2 1 0 1 0 0
134 2 0 0 0 0 0 1 0 0
136 2 0 0 0 0 0 0 0 0
139 2 0 0 0 0 0 0 0 0
142 2 0 0 1 1 0 1 0 0
145 9 0 0 7 1 0 0 0 0
fl=/build/glibc-yWQXbR/glibc-2.24/elf/dl-cache.c
fn=_dl_cache_libcmp
139 879 1 1 293 0 0 0 0 0
141 846 0 0 0 0 0 0 0 0
143 44 1 1 11 0 0 0 0 0
149 22 0 0 0 0 0 0 0 0
150 22 0 0 0 0 0 0 0 0
151 55 0 0 11 0 0 0 0 0
153 55 0 0 11 0 0 0 0 0
155 22 0 0 0 0 0 0 0 0
161 1084 2 2 271 44 37 0 0 0
163 542 0 0 0 0 0 0 0 0
164 99 0 0 33 0 0 0 0 0
167 238 0 0 0 0 0 0 0 0
168 238 0 0 0 0 0 0 0 0
171 33 0 0 22 0 0 0 0 0
fn=_dl_load_cache_lookup
185 36 1 1 0 0 0 24 0 0
193 8 0 0 4 0 0 0 0 0
196 12 0 0 4 0 0 0 0 0
199 5 1 1 0 0 0 1 1 0
207 5 1 1 1 0 0 0 0 0
208 6 0 0 0 0 0 1 0 0
212 1 0 0 0 0 0 1 0 0
215 4 0 0 1 0 0 0 0 0
218 2 1 1 0 0 0 1 0 0
219 3 0 0 0 0 0 0 0 0
220 5 0 0 0 0 0 1 0 0
241 9 0 0 3 0 0 0 0 0
247 12 1 1 4 0 0 0 0 0
256 12 0 0 0 0 0 0 0 0
262 20 0 0 0 0 0 8 0 0
266 28 1 1 8 0 0 12 0 0
267 16 0 0 8 0 0 0 0 0
281 1033 8 8 141 36 32 79 0 0
297 8 0 0 4 0 0 0 0 0
301 8 0 0 4 0 0 0 0 0
309 36 1 1 4 0 0 4 0 0
310 12 0 0 0 0 0 4 1 0
311 8 0 0 0 0 0 4 0 0
312 32 0 0 28 0 0 0 0 0
fn=_dl_unload_cache
321 1 0 0 0 0 0 0 0 0
322 4 1 1 1 1 1 0 0 0
324 2 0 0 1 0 0 1 0 0
325 1 0 0 0 0 0 1 0 0
327 2 0 0 1 0 0 0 0 0
fl=/build/glibc-yWQXbR/glibc-2.24/elf/dl-debug.c
fn=_dl_debug_initialize
50 14 1 1 0 0 0 0 0 0
51 7 1 1 7 0 0 0 0 0
55 26 0 0 7 2 0 0 0 0
58 1 0 0 0 0 0 1 0 0
59 9 1 1 6 0 0 1 0 0
60 5 0 0 1 0 0 1 0 0
61 2 0 0 0 0 0 1 0 0
64 1 0 0 1 0 0 0 0 0
fn=_dl_debug_state
74 2 0 0 2 0 0 0 0 0
fl=/build/glibc-yWQXbR/glibc-2.24/elf/dl-deps.c
fn=_dl_map_object_deps
144 4 0 0 0 0 0 2 1 1
145 2 1 1 0 0 0 2 0 0
146 7 1 1 0 0 0 2 1 1
152 9 0 0 2 0 0 3 0 0
160 11 0 0 0 0 0 9 0 0
161 9 2 2 0 0 0 0 0 0
178 11 0 0 1 0 0 1 0 0
179 1 0 0 1 0 0 0 0 0
182 3 0 0 0 0 0 2 0 0
188 2 0 0 0 0 0 2 0 0
189 1 0 0 0 0 0 1 0 0
201 2 1 1 1 0 0 1 0 0
202 1 1 1 0 0 0 1 0 0
203 1 0 0 0 0 0 1 0 0
204 2 1 1 0 0 0 2 0 0
210 4 0 0 0 0 0 2 0 0
213 14 0 0 7 0 0 7 0 0
217 21 1 1 7 0 0 0 0 0
218 46 2 2 20 4 1 0 0 0
220 5 0 0 0 0 0 0 0 0
222 15 0 0 10 0 0 0 0 0
224 28 1 1 0 0 0 4 0 0
229 22 1 1 11 0 0 0 0 0
231 15 0 0 10 0 0 5 0 0
236 5 0 0 0 0 0 5 0 0
237 5 0 0 0 0 0 5 0 0
238 10 0 0 5 0 0 5 0 0
239 10 0 0 5 0 0 5 0 0
242 583 1 1 152 18 0 10 0 0
243 274 1 1 0 0 0 0 0 0
249 84 1 1 24 0 0 12 1 1
251 12 0 0 0 0 0 12 0 0
254 72 0 0 48 0 0 12 0 0
256 36 0 0 12 0 0 0 0 0
271 12 0 0 12 0 0 0 0 0
273 24 1 1 12 0 0 0 0 0
278 15 0 0 0 0 0 0 0 0
281 5 0 0 0 0 0 5 3 0
282 5 0 0 0 0 0 5 0 0
283 5 0 0 0 0 0 5 0 0
284 10 0 0 5 0 0 5 0 0
286 5 0 0 5 0 0 0 0 0
288 30 1 1 5 0 0 10 0 0
292 24 0 0 0 0 0 0 0 0
293 32 0 0 8 0 0 16 1 1
295 375 0 0 0 0 0 0 0 0
317 21 0 0 0 0 0 8 0 0
338 24 1 1 12 0 0 6 0 0
459 14 1 1 0 0 0 0 0 0
461 15 0 0 5 0 0 5 0 0
463 10 0 0 0 0 0 5 0 0
464 10 0 0 0 0 0 0 0 0
465 10 1 1 0 0 0 0 0 0
468 5 0 0 0 0 0 5 1 1
469 25 0 0 0 0 0 5 0 0
470 30 0 0 5 0 0 5 0 0
473 5 0 0 0 0 0 5 0 0
474 5 0 0 5 0 0 0 0 0
478 42 1 1 21 0 0 0 0 0
480 7 0 0 7 0 0 0 0 0
481 32 0 0 6 0 0 0 0 0
485 7 1 1 3 0 0 0 0 0
486 2 0 0 0 0 0 1 0 0
489 5 0 0 2 0 0 1 0 0
499 2 0 0 0 0 0 1 0 0
500 3 1 1 1 0 0 0 0 0
502 2 0 0 0 0 0 0 0 0
507 6 1 1 2 0 0 1 0 0
508 1 0 0 0 0 0 1 0 0
510 25 0 0 8 0 0 0 0 0
512 21 1 1 7 0 0 0 0 0
516 28 0 0 7 0 0 7 3 2
520 7 0 0 7 0 0 0 0 0
523 3 0 0 1 0 0 1 0 0
574 3 1 1 2 0 0 0 0 0
575 1 0 0 0 0 0 1 0 0
576 4 0 0 2 0 0 0 0 0
611 8 1 1 1 0 0 2 0 0
613 2 1 1 0 0 0 0 0 0
614 1 0 0 0 0 0 1 0 0
617 20 0 0 6 0 0 2 0 0
618 5 1 1 0 0 0 0 0 0
619 5 1 1 1 0 0 1 0 0
623 24 0 0 6 0 0 12 0 0
624 12 0 0 6 0 0 0 0 0
630 53 1 1 6 0 0 0 0 0
632 60 0 0 30 0 0 0 0 0
633 30 0 0 0 0 0 0 0 0
635 105 1 1 35 0 0 0 0 0
636 75 0 0 0 0 0 0 0 0
655 2 1 1 1 0 0 0 0 0
658 15 1 1 0 0 0 0 0 0
661 22 0 0 6 0 0 0 0 0
664 75 2 2 15 0 0 20 0 0
671 2 1 1 1 0 0 1 0 0
673 2 0 0 1 0 0 1 0 0
674 1 0 0 1 0 0 0 0 0
675 3 0 0 1 0 0 0 0 0
682 3 1 1 1 0 0 0 0 0
685 3 0 0 1 0 0 0 0 0
688 8 0 0 7 0 0 0 0 0
fn=openaux
60 24 1 1 0 0 0 12 0 0
63 84 0 0 48 0 0 24 0 0
65 48 0 0 12 0 0 0 0 0
67 12 0 0 12 0 0 0 0 0
68 24 0 0 24 0 0 0 0 0
fl=/build/glibc-yWQXbR/glibc-2.24/elf/dl-environ.c
fn=_dl_next_ld_env_entry
30 3 1 1 3 0 0 0 0 0
33 73 0 0 24 0 0 0 0 0
35 46 1 1 23 17 11 0 0 0
36 14 0 0 7 0 0 0 0 0
38 2 0 0 0 0 0 0 0 0
41 4 0 0 0 0 0 2 0 0
43 2 0 0 2 0 0 0 0 0
46 21 0 0 0 0 0 0 0 0
50 1 0 0 1 0 0 0 0 0
fl=/build/glibc-yWQXbR/glibc-2.24/elf/dl-error.c
fn=_dl_catch_error
163 52 1 1 0 0 0 39 1 0
175 26 0 0 0 0 0 26 4 4
176 26 0 0 0 0 0 26 1 0
177 26 1 1 0 0 0 26 1 1
178 26 0 0 0 0 0 13 0 0
180 13 0 0 13 0 0 13 2 1
181 26 0 0 13 0 0 13 0 0
182 39 0 0 0 0 0 26 0 0
185 78 0 0 0 0 0 13 0 0
187 39 1 1 26 0 0 13 0 0
188 39 0 0 26 0 0 13 0 0
189 26 0 0 13 0 0 13 0 0
190 26 0 0 13 0 0 13 0 0
191 26 0 0 13 0 0 13 0 0
199 52 0 0 26 0 0 0 0 0
fn=_dl_receive_error
205 10 1 1 0 0 0 6 0 0
206 2 0 0 1 0 0 1 0 0
210 1 0 0 1 0 0 0 0 0
211 1 1 1 1 0 0 0 0 0
214 1 0 0 0 0 0 1 0 0
215 1 0 0 0 0 0 1 0 0
217 2 0 0 0 0 0 1 0 0
219 1 0 0 0 0 0 1 0 0
220 1 0 0 0 0 0 1 0 0
221 8 0 0 7 0 0 0 0 0
fl=/build/glibc-yWQXbR/glibc-2.24/elf/dl-fini.c
fn=_dl_fini
130 8 1 1 0 0 0 6 0 0
150 16 1 1 4 1 1 2 0 0
153 2 1 1 1 1 1 1 0 0
155 1 0 0 1 1 1 0 0 0
158 2 0 0 0 0 0 0 0 0
160 8 0 0 3 1 1 1 0 0
165 1 1 1 0 0 0 1 0 0
168 7 0 0 0 0 0 0 0 0
173 23 0 0 7 4 3 0 0 0
175 14 0 0 7 7 7 0 0 0
177 14 0 0 0 0 0 0 0 0
179 14 0 0 0 0 0 7 0 0
180 7 1 1 0 0 0 7 7 7
181 7 0 0 0 0 0 0 0 0
185 7 0 0 7 6 6 0 0 0
187 6 0 0 1 0 0 0 0 0
188 2 0 0 1 0 0 0 0 0
192 5 1 1 1 0 0 1 0 0
201 2 0 0 1 0 0 1 0 0
206 22 0 0 8 0 0 1 0 0
208 7 1 1 7 0 0 0 0 0
210 21 0 0 7 0 0 0 0 0
213 14 0 0 0 0 0 7 0 0
216 21 0 0 7 7 7 0 0 0
217 6 1 1 2 2 2 0 0 0
220 10 0 0 5 1 1 0 0 0
231 10 0 0 10 10 8 0 0 0
232 5 1 1 5 1 0 0 0 0
233 10 0 0 5 0 0 0 0 0
234 35 0 0 5 5 5 0 0 0
235 10 0 0 5 5 5 5 0 0
239 10 0 0 0 0 0 0 0 0
240 15 1 1 10 5 5 5 0 0
246 42 0 0 14 1 1 0 0 0
262 14 0 0 7 0 0 0 0 0
268 6 1 1 2 0 0 0 0 0
274 2 1 1 1 0 0 0 0 0
281 8 0 0 7 0 0 0 0 0
fn=_dl_sort_fini
31 8 0 0 0 0 0 6 0 0
33 2 1 1 0 0 0 0 0 0
38 9 1 1 0 0 0 5 0 0
39 6 0 0 0 0 0 0 0 0
40 5 0 0 0 0 0 1 0 0
44 18 0 0 6 0 0 6 0 0
45 18 0 0 12 0 0 0 0 0
49 24 1 1 12 0 0 0 0 0
55 12 0 0 6 0 0 0 0 0
56 47 0 0 21 0 0 0 0 0
58 75 0 0 45 5 1 0 0 0
59 40 0 0 0 0 0 0 0 0
61 105 1 1 35 6 4 0 0 0
62 75 0 0 0 0 0 0 0 0
81 1 1 1 0 0 0 0 0 0
92 45 1 1 15 0 0 0 0 0
113 15 0 0 0 0 0 0 0 0
117 30 0 0 6 0 0 6 0 0
120 41 1 1 5 0 0 5 0 0
124 8 0 0 7 0 0 0 0 0
fl=/build/glibc-yWQXbR/glibc-2.24/elf/dl-hwcaps.c
fn=_dl_important_hwcaps
39 12 2 2 0 0 0 10 3 1
41 1 0 0 1 0 0 0 0 0
42 3 0 0 0 0 0 0 0 0
51 3 0 0 1 0 0 0 0 0
61 4 1 1 1 0 0 1 0 0
113 1 1 1 0 0 0 0 0 0
115 5 1 1 0 0 0 1 1 1
130 10 0 0 0 0 0 1 0 0
131 1 0 0 0 0 0 0 0 0
162 2 1 1 0 0 0 0 0 0
170 3 1 1 1 0 0 0 0 0
172 2 1 1 1 0 0 1 1 0
173 5 0 0 1 0 0 1 0 0
177 3 0 0 1 0 0 1 0 0
178 1 0 0 0 0 0 1 0 0
181 2 0 0 0 0 0 0 0 0
184 2 0 0 0 0 0 0 0 0
188 12 1 1 3 0 0 2 0 0
189 2 0 0 0 0 0 0 0 0
207 12 2 2 1 0 0 6 1 0
208 5 0 0 0 0 0 3 1 0
209 5 0 0 3 0 0 0 0 0
238 4 1 1 1 0 0 2 0 0
241 2 0 0 0 0 0 0 0 0
243 9 0 0 3 0 0 3 0 0
244 8 1 1 2 0 0 2 0 0
257 2 0 0 0 0 0 0 0 0
269 29 2 2 3 0 0 3 0 0
270 8 0 0 0 0 0 4 1 0
274 13 1 1 2 0 0 0 0 0
277 26 0 0 0 0 0 0 0 0
278 24 1 1 0 0 0 0 0 0
279 12 0 0 8 0 0 0 0 0
281 4 0 0 0 0 0 0 0 0
284 3 0 0 1 0 0 0 0 0
285 2 0 0 1 0 0 0 0 0
286 14 2 2 3 0 0 0 0 0
299 6 0 0 2 0 0 2 0 0
300 2 0 0 0 0 0 0 0 0
302 4 0 0 0 0 0 0 0 0
305 4 0 0 3 0 0 1 0 0
307 1 0 0 0 0 0 0 0 0
308 8 0 0 7 0 0 0 0 0
fl=/build/glibc-yWQXbR/glibc-2.24/elf/dl-init.c
fn=_dl_init
30 46 1 1 8 2 0 6 0 0
80 11 1 1 0 0 0 6 0 0
81 1 0 0 1 1 1 0 0 0
82 1 1 1 1 0 0 0 0 0
85 3 0 0 1 0 0 0 0 0
88 2 0 0 0 0 0 1 0 0
93 2 0 0 0 0 0 0 0 0
94 2 0 0 1 0 0 0 0 0
104 2 1 1 0 0 0 1 0 0
119 24 0 0 0 0 0 0 0 0
120 21 0 0 14 3 0 0 0 0
126 8 0 0 7 2 0 0 0 0
fn=call_init.part.0
28 42 0 0 0 0 0 30 1 0
36 21 1 1 7 0 0 7 0 0
39 28 0 0 14 6 1 0 0 0
40 2 1 1 0 0 0 0 0 0
44 30 0 0 6 6 5 0 0 0
45 3 0 0 1 1 0 0 0 0
49 10 1 1 5 0 0 0 0 0
58 35 0 0 15 10 10 5 0 0
62 10 0 0 0 0 0 0 0 0
68 15 0 0 10 3 1 0 0 0
70 10 0 0 10 4 1 0 0 0
71 57 1 1 0 0 0 0 0 0
72 80 0 0 16 8 5 16 0 0
74 37 0 0 37 2 0 0 0 0
fl=/build/glibc-yWQXbR/glibc-2.24/elf/dl-load.c
fn=_dl_init_paths
661 7 2 2 0 0 0 5 0 0
674 6 0 0 2 0 0 2 1 0
678 1 0 0 0 0 0 1 0 0
679 2 0 0 0 0 0 1 0 0
680 2 0 0 0 0 0 0 0 0
687 5 1 1 0 0 0 0 0 0
688 3 0 0 1 0 0 0 0 0
691 1 0 0 0 0 0 1 0 0
692 2 0 0 0 0 0 1 0 0
694 2 0 0 0 0 0 0 0 0
700 1 0 0 0 0 0 1 0 0
701 1 0 0 0 0 0 1 0 0
709 12 0 0 0 0 0 3 1 0
711 5 1 1 0 0 0 4 3 1
712 4 1 1 0 0 0 4 0 0
714 5 0 0 0 0 0 4 1 1
715 7 0 0 3 1 1 4 4 2
716 9 0 0 0 0 0 0 0 0
719 6 0 0 3 2 1 0 0 0
720 64 0 0 0 0 0 0 0 0
721 16 0 0 0 0 0 16 2 1
723 20 2 2 0 0 0 4 0 0
729 1 0 0 0 0 0 1 1 1
730 1 0 0 0 0 0 1 0 0
734 1 0 0 1 0 0 0 0 0
735 2 0 0 0 0 0 0 0 0
737 4 0 0 1 0 0 0 0 0
739 3 0 0 1 0 0 0 0 0
756 2 1 1 0 0 0 1 1 0
758 3 1 1 1 1 0 0 0 0
772 2 1 1 0 0 0 1 0 0
777 5 2 2 1 0 0 0 0 0
785 5 0 0 0 0 0 1 0 0
787 11 1 1 0 0 0 2 0 0
791 2 0 0 0 0 0 0 0 0
804 43 0 0 14 0 0 0 0 0
806 14 0 0 0 0 0 0 0 0
807 28 0 0 0 0 0 0 0 0
808 14 0 0 0 0 0 0 0 0
811 1 0 0 0 0 0 1 0 0
812 1 0 0 0 0 0 1 0 0
813 2 1 1 0 0 0 0 0 0
819 9 0 0 1 0 0 2 0 0
823 5 0 0 4 0 0 0 0 0
829 1 0 0 0 0 0 1 0 0
833 7 0 0 6 0 0 0 0 0
fn=_dl_map_object
638 36 2 2 12 0 0 0 0 0
2167 117 1 1 0 0 0 104 10 6
2169 5 0 0 0 0 0 0 0 0
2175 26 0 0 0 0 0 0 0 0
2176 52 0 0 13 1 0 0 0 0
2179 254 1 1 63 0 0 0 0 0
2184 406 0 0 58 0 0 0 0 0
2186 290 1 1 0 0 0 58 1 0
2190 100 0 0 50 0 0 0 0 0
2191 150 0 0 50 0 0 0 0 0
2194 28 0 0 28 0 0 0 0 0
2195 56 0 0 56 0 0 0 0 0
2196 112 0 0 0 0 0 28 0 0
2213 10 1 1 5 0 0 0 0 0
2214 15 2 2 0 0 0 5 0 0
2222 15 0 0 5 0 0 0 0 0
2256 5 0 0 0 0 0 5 2 2
2258 25 0 0 0 0 0 5 0 0
2262 16 2 2 0 0 0 8 0 0
2264 8 0 0 4 0 0 0 0 0
2271 16 0 0 4 0 0 0 0 0
2275 12 1 1 4 0 0 8 0 0
2280 12 0 0 4 0 0 0 0 0
2281 4 0 0 0 0 0 0 0 0
2283 40 0 0 0 0 0 16 1 0
2295 16 2 2 12 0 0 0 0 0
2296 32 0 0 8 0 0 4 0 0
2297 4 0 0 0 0 0 0 0 0
2306 8 0 0 4 0 0 0 0 0
2307 60 1 1 4 0 0 16 0 0
2313 12 1 1 0 0 0 0 0 0
2314 4 0 0 0 0 0 0 0 0
2322 4 0 0 0 0 0 4 0 0
2336 8 1 1 0 0 0 0 0 0
2338 12 0 0 4 0 0 0 0 0
2342 12 1 1 0 0 0 4 0 0
2344 8 0 0 0 0 0 0 0 0
2348 8 0 0 0 0 0 0 0 0
2356 12 0 0 4 0 0 0 0 0
2379 44 1 1 0 0 0 12 0 0
2383 20 0 0 8 0 0 0 0 0
2384 8 0 0 0 0 0 4 0 0
2401 8 1 1 4 0 0 0 0 0
2407 1 0 0 0 0 0 1 1 1
2409 6 1 1 0 0 0 1 0 0
2410 3 0 0 0 0 0 0 0 0
2414 11 1 1 0 0 0 3 0 0
2417 5 0 0 3 0 0 0 0 0
2429 20 1 1 5 0 0 0 0 0
2431 16 0 0 0 0 0 0 0 0
2475 10 0 0 5 0 0 5 0 0
2476 75 1 1 10 0 0 25 0 0
2478 117 0 0 91 0 0 0 0 0
fn=_dl_map_object_from_fd
871 75 2 2 0 0 0 50 3 2
881 20 0 0 5 0 0 10 2 1
882 5 0 0 0 0 0 5 0 0
897 100 1 1 35 0 0 0 0 0
898 40 1 1 20 0 0 0 0 0
915 10 1 1 5 0 0 0 0 0
939 20 0 0 5 0 0 5 0 0
949 10 0 0 5 0 0 0 0 0
971 20 1 1 10 0 0 0 0 0
1003 10 0 0 0 0 0 0 0 0
1006 40 1 1 25 0 0 5 0 0
1007 10 0 0 0 0 0 0 0 0
1018 10 0 0 5 0 0 5 5 2
1019 20 1 1 10 0 0 10 1 0
1020 10 0 0 5 0 0 5 0 0
1022 15 0 0 0 0 0 0 0 0
1023 20 1 1 10 0 0 0 0 0
1024 5 0 0 0 0 0 0 0 0
1041 5 0 0 0 0 0 5 0 0
1043 45 1 1 0 0 0 5 0 0
1051 303 0 0 39 0 0 10 0 0
1052 296 1 1 39 0 0 0 0 0
1058 10 0 0 5 1 0 5 0 0
1059 15 1 1 5 1 0 5 0 0
1060 5 0 0 0 0 0 0 0 0
1063 2 0 0 1 0 0 1 1 1
1064 1 0 0 0 0 0 0 0 0
1069 50 1 1 20 1 0 0 0 0
1074 80 1 1 20 2 0 0 0 0
1082 40 1 1 0 0 0 0 0 0
1083 40 0 0 0 0 0 10 5 5
1084 50 0 0 10 0 0 10 0 0
1085 10 0 0 0 0 0 10 3 0
1086 20 0 0 10 0 0 10 0 0
1087 20 1 1 0 0 0 10 3 1
1091 20 0 0 0 0 0 0 0 0
1092 30 0 0 15 0 0 5 0 0
1096 20 0 0 0 0 0 0 0 0
1097 70 0 0 10 0 0 10 0 0
1107 10 0 0 0 0 0 0 0 0
1110 6 0 0 2 1 0 0 0 0
1114 2 0 0 0 0 0 2 2 2
1115 4 1 1 2 0 0 2 0 0
1116 4 0 0 0 0 0 0 0 0
1119 25 0 0 2 0 0 2 0 0
1120 4 0 0 2 0 0 2 0 0
1123 2 0 0 0 0 0 2 2 2
1127 8 0 0 2 0 0 0 0 0
1133 4 0 0 0 0 0 4 3 0
1134 2 0 0 0 0 0 0 0 0
1138 20 1 1 5 0 0 5 0 0
1167 25 0 0 0 0 0 10 0 0
1189 10 1 1 5 0 0 5 0 0
1190 5 1 1 0 0 0 0 0 0
1193 10 0 0 5 1 0 5 3 1
1194 10 0 0 5 1 0 5 0 0
1195 5 0 0 0 0 0 0 0 0
1198 20 0 0 10 0 0 0 0 0
1207 10 0 0 0 0 0 0 0 0
1217 45 1 1 15 0 0 10 0 0
1229 20 1 1 10 0 0 0 0 0
1233 8 1 1 4 1 1 0 0 0
1238 15 0 0 5 0 0 5 0 0
1245 10 0 0 0 0 0 0 0 0
1260 15 1 1 5 0 0 0 0 0
1279 10 0 0 5 0 0 5 0 0
1281 25 1 1 10 0 0 0 0 0
1335 15 0 0 5 3 3 0 0 0
1336 4 0 0 2 0 0 2 0 0
1339 20 0 0 5 0 0 5 0 0
1348 10 0 0 5 0 0 0 0 0
1350 20 1 1 10 0 0 5 0 0
1352 10 0 0 5 0 0 0 0 0
1368 10 0 0 0 0 0 5 0 0
1372 10 0 0 5 0 0 0 0 0
1373 10 0 0 5 1 0 0 0 0
1390 10 1 1 5 0 0 0 0 0
1391 2 0 0 0 0 0 1 0 0
1394 15 0 0 5 0 0 10 2 0
1399 10 0 0 5 0 0 0 0 0
1409 10 0 0 5 0 0 0 0 0
1419 15 1 1 5 0 0 5 0 0
1423 15 0 0 5 0 0 0 0 0
1443 45 0 0 35 0 0 0 0 0
fn=expand_dynamic_string_token
362 16 1 1 0 0 0 10 0 0
372 10 1 1 0 0 0 2 0 0
376 4 0 0 0 0 0 0 0 0
387 10 0 0 10 0 0 0 0 0
fn=fillin_rpath
433 16 2 2 0 0 0 12 0 0
435 1 0 0 0 0 0 0 0 0
438 10 0 0 4 0 0 2 0 0
442 5 1 1 1 0 0 1 0 0
444 3 0 0 0 0 0 1 0 0
448 2 0 0 0 0 0 0 0 0
451 1 0 0 0 0 0 0 0 0
455 7 1 1 1 0 0 0 0 0
460 4 0 0 0 0 0 1 0 0
463 3 1 1 1 0 0 0 0 0
470 15 1 1 5 0 0 0 0 0
471 8 1 1 4 0 0 0 0 0
489 4 2 2 1 0 0 1 0 0
492 2 0 0 0 0 0 1 0 0
493 5 1 1 2 0 0 1 0 0
495 3 0 0 1 0 0 0 0 0
499 1 1 1 0 0 0 1 1 1
500 1 0 0 0 0 0 0 0 0
501 4 0 0 0 0 0 2 0 0
502 1 0 0 0 0 0 1 0 0
504 2 0 0 1 0 0 0 0 0
510 4 0 0 1 0 0 0 0 0
511 17 0 0 1 0 0 0 0 0
512 4 1 1 0 0 0 4 0 0
514 2 0 0 1 0 0 1 0 0
515 3 0 0 1 0 0 0 0 0
520 2 1 1 0 0 0 1 0 0
522 3 0 0 1 0 0 1 0 0
523 1 0 0 0 0 0 1 0 0
526 2 0 0 0 0 0 1 0 0
528 3 0 0 0 0 0 1 0 0
532 1 0 0 0 0 0 1 0 0
535 9 0 0 7 0 0 0 0 0
fn=open_path
2018 32 1 1 0 0 0 24 2 1
2019 8 1 1 4 0 0 4 1 1
2022 4 0 0 0 0 0 4 0 0
2023 4 0 0 0 0 0 4 0 0
2025 8 0 0 0 0 0 0 0 0
2030 60 1 1 12 0 0 24 3 2
2037 4 0 0 0 0 0 0 0 0
2042 16 0 0 0 0 0 4 0 0
2049 24 1 1 8 0 0 4 1 1
2050 83 2 2 7 0 0 0 0 0
2053 32 0 0 16 0 0 0 0 0
2057 56 1 1 28 0 0 14 0 0
2058 28 0 0 7 0 0 0 0 0
2060 14 0 0 0 0 0 7 0 0
2063 21 0 0 7 0 0 0 0 0
2066 70 1 1 35 0 0 14 1 1
2068 35 0 0 21 0 0 0 0 0
2070 8 0 0 0 0 0 0 0 0
2075 8 1 1 4 0 0 0 0 0
2076 36 1 1 16 0 0 0 0 0
2082 32 0 0 12 0 0 8 0 0
2084 24 0 0 4 0 0 4 0 0
2085 4 0 0 1 1 0 0 0 0
2087 6 1 1 0 0 0 3 0 0
2089 3 1 1 0 0 0 1 0 0
2094 20 0 0 0 0 0 0 0 0
2096 22 0 0 8 0 0 4 0 0
2104 28 1 1 8 0 0 4 0 0
2132 8 0 0 0 0 0 0 0 0
2135 28 1 1 4 0 0 0 0 0
2140 4 0 0 4 0 0 0 0 0
2142 20 0 0 12 0 0 0 0 0
2145 12 0 0 4 0 0 0 0 0
2159 36 1 1 28 0 0 0 0 0
fn=open_verify.constprop.8
1695 168 2 2 12 0 0 108 5 2
1734 36 0 0 12 0 0 0 0 0
1765 60 1 1 12 0 0 24 2 1
1767 29 0 0 0 0 0 0 0 0
1777 5 0 0 0 0 0 5 0 0
1778 10 0 0 0 0 0 5 1 1
1783 40 1 1 10 0 0 10 0 0
1785 10 0 0 0 0 0 0 0 0
1787 15 0 0 5 0 0 5 0 0
1789 10 0 0 0 0 0 0 0 0
1795 10 0 0 0 0 0 0 0 0
1804 6 1 1 3 0 0 0 0 0
1811 98 3 3 13 1 0 13 0 0
1885 10 1 1 5 0 0 0 0 0
1890 10 0 0 5 0 0 0 0 0
1892 20 0 0 5 0 0 0 0 0
1898 10 0 0 0 0 0 0 0 0
1909 10 0 0 5 2 1 0 0 0
1915 20 1 1 5 1 1 0 0 0
1916 20 0 0 5 0 0 0 0 0
1917 10 0 0 5 0 0 0 0 0
1937 205 0 0 0 0 0 0 0 0
1939 89 1 1 42 14 11 0 0 0
1943 20 0 0 10 0 0 0 0 0
1944 15 1 1 5 0 0 0 0 0
1953 42 1 1 0 0 0 7 0 0
1956 5 0 0 0 0 0 0 0 0
1957 15 0 0 5 0 0 0 0 0
1958 15 0 0 5 0 0 0 0 0
1960 15 0 0 0 0 0 0 0 0
1965 2 0 0 0 0 0 0 0 0
1966 2 0 0 0 0 0 0 0 0
1969 4 0 0 0 0 0 0 0 0
1972 4 0 0 2 1 0 0 0 0
1973 8 0 0 2 0 0 0 0 0
1974 2 0 0 2 0 0 0 0 0
1975 6 0 0 2 0 0 0 0 0
1976 10 0 0 2 0 0 0 0 0
1981 7 0 0 0 0 0 7 0 0
2004 108 1 1 96 0 0 0 0 0
fl=/build/glibc-yWQXbR/glibc-2.24/elf/dl-lookup.c
fn=_dl_lookup_symbol_x
572 363502 0 0 89353 2905 1581 0 0 0
573 349292 1 1 0 0 0 0 0 0
810 30450 2 2 2030 0 0 20300 14 4
812 4060 0 0 0 0 0 2030 4 1
813 4060 0 0 0 0 0 4060 0 0
816 2030 0 0 2030 4 2 0 0 0
820 8070 1 1 2005 0 0 0 0 0
824 20300 1 1 6090 0 0 8120 0 0
825 4060 0 0 0 0 0 0 0 0
827 4060 0 0 4060 10 1 0 0 0
831 6205 0 0 23 0 0 0 0 0
833 26390 2 2 14210 0 0 14210 9 1
836 6090 0 0 0 0 0 0 0 0
839 23 0 0 0 0 0 0 0 0
862 6090 0 0 4060 0 0 0 0 0
864 161 1 1 46 0 0 0 0 0
879 23 1 1 0 0 0 23 0 0
880 46 0 0 0 0 0 0 0 0
883 2007 0 0 2007 0 0 0 0 0
884 14049 0 0 4014 0 0 0 0 0
915 2007 0 0 0 0 0 0 0 0
924 8028 1 1 2007 0 0 0 0 0
938 6021 0 0 2007 11 2 0 0 0
939 2 2 2 0 0 0 1 0 0
941 8028 0 0 4014 0 0 0 0 0
946 2007 0 0 0 0 0 2007 0 0
948 18270 1 1 14210 0 0 0 0 0
fn=_dl_setup_hash
959 21 1 1 7 0 0 0 0 0
963 7 0 0 7 0 0 0 0 0
967 14 0 0 7 7 7 7 4 0
968 7 0 0 7 0 0 0 0 0
969 7 0 0 7 2 1 0 0 0
971 21 0 0 0 0 0 0 0 0
972 7 0 0 0 0 0 7 2 0
973 21 1 1 7 0 0 7 0 0
975 7 0 0 0 0 0 7 0 0
976 14 0 0 0 0 0 0 0 0
978 7 0 0 0 0 0 7 0 0
980 28 0 0 7 0 0 7 0 0
fn=check_match
92 16056 2 2 4014 21 15 8028 5 1
95 14049 0 0 4014 422 156 0 0 0
107 12042 1 1 2007 0 0 2007 4 3
110 8184 0 0 52 0 0 26 2 1
114 2007 0 0 2007 10 3 0 0 0
115 4014 0 0 0 0 0 0 0 0
117 4010 0 0 0 0 0 0 0 0
136 4010 1 1 4010 16 12 0 0 0
137 16040 0 0 6015 7 3 0 0 0
138 12030 2 2 4010 26 1 2005 2 0
165 4 0 0 0 0 0 0 0 0
167 12 0 0 4 2 0 0 0 0
168 8 0 0 0 0 0 0 0 0
171 2 0 0 0 0 0 0 0 0
172 7 0 0 3 0 0 1 0 0
174 2 0 0 1 0 0 1 0 0
176 2007 1 1 0 0 0 0 0 0
183 12042 0 0 10035 0 0 0 0 0
fn=do_lookup_x
191 608 0 0 0 0 0 0 0 0
192 1212 0 0 82 0 0 0 0 0
193 500 0 0 250 73 58 0 0 0
195 196 0 0 0 0 0 0 0 0
196 196 0 0 0 0 0 0 0 0
197 528 2 2 0 0 0 0 0 0
200 152 0 0 0 0 0 152 0 0
201 152 0 0 0 0 0 152 0 0
202 152 0 0 0 0 0 152 0 0
203 244 1 1 0 0 0 152 0 0
220 488 0 0 244 0 0 244 0 0
222 854 1 1 122 2 1 244 0 0
224 488 0 0 122 2 2 122 0 0
225 122 0 0 122 0 0 0 0 0
226 366 0 0 122 0 0 0 0 0
228 605 0 0 0 0 0 121 0 0
229 3003 2 2 187 0 0 363 0 0
232 759 0 0 253 105 54 0 0 0
233 320 1 1 200 0 0 40 0 0
235 80 0 0 0 0 0 0 0 0
245 120 0 0 80 0 0 40 0 0
246 80 0 0 40 0 0 40 0 0
248 80 0 0 80 0 0 40 0 0
252 558 0 0 213 0 0 0 0 0
256 462 0 0 0 0 0 0 0 0
257 330 0 0 0 0 0 0 0 0
260 1135 2 2 405 0 0 0 0 0
267 635 3 3 445 0 0 4 0 0
268 8 0 0 0 0 0 2 0 0
270 6 0 0 0 0 0 0 0 0
277 212 1 1 8 0 0 6 0 0
278 276 0 0 92 40 7 0 0 0
279 280 1 1 210 0 0 0 0 0
283 16 0 0 6 1 0 4 0 0
284 2 0 0 0 0 0 2 0 0
286 2 0 0 0 0 0 2 0 0
287 8 0 0 4 1 1 4 0 0
303 2 1 1 0 0 0 0 0 0
311 4464 2 2 1 0 0 0 0 0
312 5 1 1 0 0 0 3 0 0
313 2 0 0 0 0 0 0 0 0
316 1 0 0 0 0 0 1 0 0
317 1 0 0 0 0 0 1 0 0
318 4 0 0 1 1 0 2 1 0
321 164 0 0 0 0 0 0 0 0
322 246 1 1 246 0 0 0 0 0
329 328 0 0 82 0 0 0 0 0
332 66 0 0 0 0 0 0 0 0
334 492 1 1 164 0 0 82 0 0
339 164 0 0 164 0 0 82 0 0
341 246 0 0 164 0 0 82 0 0
342 82 0 0 0 0 0 82 0 0
355 24360 1 1 2030 0 0 20300 14 5
356 2030 0 0 2030 4 2 0 0 0
362 2030 0 0 2030 0 0 0 0 0
366 12938 1 1 12938 38 9 0 0 0
369 12938 0 0 0 0 0 0 0 0
373 25118 0 0 2030 0 0 4060 0 0
377 12938 0 0 6469 19 5 0 0 0
381 12938 0 0 6469 1 0 0 0 0
387 19407 1 1 6469 25 5 0 0 0
391 6469 0 0 0 0 0 6469 4 1
392 6469 0 0 0 0 0 6469 0 0
395 19407 0 0 12938 50 14 6469 0 0
396 19407 0 0 12938 29 2 6469 0 0
399 6469 0 0 6469 8 0 0 0 0
400 12938 1 1 0 0 0 0 0 0
402 6469 0 0 6469 914 136 0 0 0
403 12180 1 1 2030 0 0 4060 0 0
404 12938 0 0 12938 0 0 0 0 0
407 32345 0 0 12938 0 0 0 0 0
410 45283 0 0 0 0 0 0 0 0
413 4200 0 0 4200 1172 195 0 0 0
414 8400 1 1 0 0 0 0 0 0
415 4200 1 1 0 0 0 0 0 0
417 27235 1 1 6285 0 0 10475 0 0
420 24275 0 0 4855 1700 438 0 0 0
422 8028 0 0 2007 0 0 0 0 0
423 26091 0 0 14049 0 0 12042 6 1
424 4014 1 1 0 0 0 0 0 0
427 6023 0 0 1 0 0 0 0 0
430 8547 0 0 0 0 0 0 0 0
439 18054 2 2 10030 0 0 0 0 0
461 179 1 1 90 0 0 0 0 0
463 4 0 0 0 0 0 0 0 0
469 4014 1 1 2007 0 0 0 0 0
520 4014 0 0 0 0 0 0 0 0
523 10148 0 0 2007 0 0 0 0 0
527 4248 0 0 1416 1 0 0 0 0
539 3770 1 1 1885 0 0 1885 0 0
540 1885 0 0 0 0 0 1885 0 0
541 3770 0 0 0 0 0 0 0 0
546 244 1 1 0 0 0 0 0 0
557 34688 0 0 13050 12 1 0 0 0
558 505 0 0 0 0 0 101 2 0
561 13386 1 1 0 0 0 0 0 0
564 23 0 0 0 0 0 0 0 0
565 16240 0 0 14210 0 0 0 0 0
fl=/build/glibc-yWQXbR/glibc-2.24/elf/dl-minimal.c
fn=__libc_memalign
52 9 0 0 0 0 0 6 0 0
53 159 1 1 79 2 2 0 0 0
58 3 0 0 0 0 0 1 0 0
59 2 0 0 1 0 0 0 0 0
60 2 0 0 0 0 0 0 0 0
64 120 1 1 0 0 0 40 0 0
65 40 0 0 0 0 0 0 0 0
67 268 0 0 0 0 0 0 0 0
72 12 0 0 3 0 0 0 0 0
73 6 0 0 0 0 0 0 0 0
75 3 1 1 0 0 0 0 0 0
76 24 0 0 0 0 0 3 0 0
78 15 0 0 6 0 0 0 0 0
82 9 0 0 0 0 0 3 0 0
85 40 0 0 0 0 0 40 0 0
86 40 1 1 0 0 0 40 0 0
88 89 0 0 46 0 0 0 0 0
fn=calloc
101 17 1 1 0 0 0 0 0 0
105 17 0 0 0 0 0 0 0 0
108 34 0 0 0 0 0 0 0 0
109 51 0 0 0 0 0 0 0 0
112 17 0 0 0 0 0 0 0 0
fn=free
118 3 1 1 0 0 0 3 0 0
120 9 0 0 3 0 0 0 0 0
127 6 0 0 6 0 0 0 0 0
fn=malloc
92 39 1 1 0 0 0 0 0 0
93 78 0 0 0 0 0 0 0 0
fn=strsep
352 6 1 1 2 0 0 0 0 0
354 2 0 0 2 0 0 0 0 0
355 4 0 0 0 0 0 0 0 0
359 91 0 0 15 0 0 0 0 0
364 56 1 1 0 0 0 0 0 0
366 112 0 0 28 0 0 0 0 0
374 14 0 0 0 0 0 0 0 0
377 1 0 0 0 0 0 1 0 0
381 2 0 0 2 0 0 0 0 0
fl=/build/glibc-yWQXbR/glibc-2.24/elf/dl-misc.c
fn=_dl_higher_prime_number
344 2 0 0 0 0 0 0 0 0
345 2 0 0 0 0 0 0 0 0
347 20 0 0 0 0 0 0 0 0
349 80 1 1 0 0 0 0 0 0
350 37 0 0 10 4 2 0 0 0
351 5 0 0 0 0 0 0 0 0
365 2 0 0 2 0 0 0 0 0
366 4 0 0 2 0 0 0 0 0
fn=_dl_name_match_p
288 1065 1 1 0 0 0 426 1 1
289 852 1 1 213 20 4 213 3 3
290 230 0 0 0 0 0 0 0 0
292 213 0 0 213 12 1 0 0 0
294 850 0 0 0 0 0 0 0 0
295 1145 0 0 229 20 6 229 0 0
298 212 0 0 212 0 0 0 0 0
300 196 0 0 0 0 0 0 0 0
301 1065 1 1 639 0 0 0 0 0
fn=_dl_sysdep_read_whole_file
45 8 2 2 0 0 0 4 1 1
52 3 0 0 0 0 0 1 0 0
53 2 0 0 0 0 0 0 0 0
55 7 0 0 0 0 0 1 0 0
57 2 0 0 1 0 0 1 0 0
60 2 0 0 0 0 0 0 0 0
62 8 1 1 0 0 0 1 0 0
73 2 0 0 0 0 0 1 0 0
76 7 0 0 5 0 0 0 0 0
fl=/build/glibc-yWQXbR/glibc-2.24/elf/dl-object.c
fn=_dl_add_to_namespace_list
32 30 1 1 0 0 0 18 0 0
34 18 0 0 6 0 0 6 0 0
36 52 0 0 6 0 0 0 0 0
39 60 0 0 20 0 0 0 0 0
41 5 0 0 0 0 0 5 0 0
43 5 0 0 0 0 0 5 0 0
46 2 0 0 0 0 0 1 0 0
47 18 1 1 6 0 0 0 0 0
48 12 0 0 6 1 0 6 1 0
49 12 0 0 0 0 0 6 0 0
51 12 0 0 6 0 0 0 0 0
52 18 0 0 18 0 0 0 0 0
fn=_dl_new_object
61 78 1 1 0 0 0 54 6 3
62 36 0 0 0 0 0 6 0 0
68 30 1 1 12 0 0 0 0 0
69 42 0 0 0 0 0 0 0 0
75 36 1 1 0 0 0 18 0 0
78 12 0 0 0 0 0 0 0 0
81 6 0 0 0 0 0 6 6 5
82 18 1 1 6 0 0 6 6 6
86 12 0 0 0 0 0 6 3 1
87 42 0 0 12 0 0 18 5 3
89 6 0 0 0 0 0 6 0 0
97 36 0 0 12 0 0 6 4 1
98 36 1 1 12 6 6 6 0 0
101 12 0 0 6 0 0 0 0 0
102 17 1 1 5 0 0 6 6 6
103 6 0 0 0 0 0 6 3 2
107 6 0 0 0 0 0 6 0 0
110 50 1 1 0 0 0 0 0 0
112 32 0 0 0 0 0 16 8 4
122 12 0 0 0 0 0 6 0 0
123 6 0 0 0 0 0 6 6 6
128 36 1 1 6 1 1 0 0 0
130 20 0 0 0 0 0 5 5 3
133 14 1 1 0 0 0 0 0 0
137 15 0 0 5 0 0 0 0 0
141 27 1 1 0 0 0 0 0 0
149 1 0 0 0 0 0 1 1 0
152 12 0 0 0 0 0 6 3 1
155 18 0 0 0 0 0 6 0 0
157 35 0 0 5 0 0 10 0 0
161 20 1 1 5 0 0 0 0 0
165 15 0 0 0 0 0 5 0 0
166 20 0 0 0 0 0 0 0 0
211 99 1 1 10 0 0 5 0 0
216 84 0 0 0 0 0 0 0 0
217 178 1 1 84 0 0 0 0 0
222 10 0 0 0 0 0 5 0 0
225 5 0 0 0 0 0 5 5 0
229 54 1 1 42 0 0 0 0 0
fl=/build/glibc-yWQXbR/glibc-2.24/elf/dl-open.c
fn=_dl_find_dso_for_object
182 5 1 1 1 0 0 0 0 0
183 19 1 1 6 0 0 0 0 0
184 24 1 1 12 4 3 0 0 0
185 2 0 0 1 0 0 0 0 0
188 2 0 0 1 0 0 0 0 0
192 1 0 0 1 0 0 0 0 0
fl=/build/glibc-yWQXbR/glibc-2.24/elf/dl-reloc.c
fn=_dl_protect_relro
313 14 1 1 0 0 0 7 0 0
314 42 0 0 21 0 0 0 0 0
317 21 0 0 7 0 0 0 0 0
321 14 0 0 0 0 0 0 0 0
322 35 1 1 0 0 0 7 0 0
328 14 0 0 14 0 0 0 0 0
fn=_dl_relocate_object
149 84 1 1 0 0 0 56 0 0
156 7 1 1 0 0 0 7 0 0
159 14 0 0 0 0 0 0 0 0
160 28 0 0 0 0 0 14 0 0
164 14 0 0 0 0 0 0 0 0
165 42 1 1 7 3 1 7 0 0
171 14 0 0 7 0 0 0 0 0
177 21 0 0 7 0 0 0 0 0
178 14 1 1 7 6 3 0 0 0
181 14 0 0 7 0 0 0 0 0
188 14 0 0 7 1 0 0 0 0
232 21 0 0 14 1 0 7 0 0
259 317 3 3 91 35 11 96 0 0
262 28 1 1 7 0 0 0 0 0
286 7 0 0 7 0 0 0 0 0
289 14 0 0 7 0 0 0 0 0
306 14 0 0 7 7 2 0 0 0
307 14 0 0 0 0 0 7 0 0
308 56 0 0 49 4 1 0 0 0
fl=/build/glibc-yWQXbR/glibc-2.24/elf/dl-version.c
fn=_dl_check_all_versions
380 5 1 1 0 0 0 4 0 0
384 28 0 0 7 0 0 0 0 0
385 7 0 0 0 0 0 0 0 0
386 70 1 1 7 0 0 7 0 0
389 7 0 0 5 0 0 0 0 0
fn=_dl_check_map_versions
56 153 0 0 18 0 0 0 0 0
57 45 0 0 45 0 0 0 0 0
58 270 0 0 0 0 0 54 1 0
174 56 2 2 0 0 0 42 0 0
175 2 0 0 0 0 0 0 0 0
183 2 1 1 0 0 0 0 0 0
189 21 0 0 7 0 0 0 0 0
191 14 0 0 7 1 0 7 0 0
193 14 0 0 7 1 0 7 0 0
194 35 0 0 7 0 0 21 0 0
196 14 1 1 0 0 0 0 0 0
199 15 0 0 10 0 0 5 0 0
203 25 0 0 5 5 4 0 0 0
218 4 0 0 0 0 0 0 0 0
220 27 1 1 27 0 0 0 0 0
228 27 1 1 9 0 0 0 0 0
233 46 0 0 18 0 0 0 0 0
237 290 1 1 154 1 1 38 0 0
239 19 0 0 19 11 5 0 0 0
244 114 0 0 57 0 0 0 0 0
247 57 1 1 19 0 0 0 0 0
256 36 0 0 18 0 0 0 0 0
261 8 0 0 0 0 0 4 0 0
270 15 1 1 7 0 0 0 0 0
273 20 0 0 15 0 0 0 0 0
276 348 0 0 87 32 15 0 0 0
279 261 0 0 87 17 8 0 0 0
283 82 0 0 0 0 0 0 0 0
287 12 1 1 0 0 0 0 0 0
292 6 0 0 0 0 0 6 1 0
293 24 0 0 0 0 0 6 0 0
294 12 1 1 0 0 0 0 0 0
302 6 0 0 0 0 0 6 1 0
305 18 0 0 12 1 0 6 3 0
307 18 0 0 6 0 0 0 0 0
310 20 1 1 15 0 0 0 0 0
312 4 0 0 0 0 0 0 0 0
314 27 0 0 9 0 0 0 0 0
317 57 0 0 19 0 0 0 0 0
319 57 0 0 0 0 0 0 0 0
321 95 0 0 19 0 0 19 0 0
322 57 0 0 0 0 0 19 13 10
323 57 1 1 19 0 0 19 4 0
324 57 0 0 19 0 0 19 2 1
327 57 0 0 19 0 0 0 0 0
332 10 0 0 0 0 0 0 0 0
335 27 0 0 9 0 0 0 0 0
340 4 0 0 0 0 0 0 0 0
345 18 0 0 6 0 0 0 0 0
348 20 1 1 15 0 0 0 0 0
352 82 0 0 82 0 0 0 0 0
354 174 0 0 87 0 0 0 0 0
358 82 0 0 82 0 0 0 0 0
359 410 0 0 82 0 0 82 41 22
360 246 0 0 82 0 0 82 1 0
361 82 0 0 0 0 0 82 20 10
364 266 0 0 87 0 0 0 0 0
368 82 0 0 0 0 0 0 0 0
374 63 0 0 49 0 0 0 0 0
fn=match_symbol
76 247 1 1 0 0 0 152 0 0
77 38 0 0 38 0 0 0 0 0
85 38 1 1 19 0 0 0 0 0
91 57 0 0 19 0 0 0 0 0
106 19 0 0 19 1 0 0 0 0
107 38 0 0 0 0 0 0 0 0
109 19 0 0 19 0 0 0 0 0
114 308 1 1 154 28 15 0 0 0
128 308 0 0 154 8 4 0 0 0
130 19 1 1 19 1 1 0 0 0
133 114 0 0 19 2 1 19 0 0
140 405 0 0 135 9 4 0 0 0
144 135 0 0 0 0 0 0 0 0
168 152 0 0 133 0 0 0 0 0
fl=/build/glibc-yWQXbR/glibc-2.24/elf/do-rel.h
fn=_dl_relocate_object
46 14 0 0 0 0 0 0 0 0
47 28 1 1 0 0 0 14 0 0
48 14 0 0 14 3 0 0 0 0
58 28 0 0 0 0 0 0 0 0
61 2733 1 1 6 0 0 0 0 0
63 3596 1 1 899 674 338 0 0 0
65 70 0 0 0 0 0 0 0 0
74 12 0 0 0 0 0 0 0 0
75 74 0 0 2 0 0 0 0 0
76 44 0 0 22 0 0 0 0 0
83 16 0 0 8 1 0 8 0 0
84 8 1 1 8 0 0 0 0 0
86 16 0 0 0 0 0 0 0 0
98 24 0 0 0 0 0 0 0 0
108 12 0 0 0 0 0 0 0 0
111 5883 1 1 0 0 0 0 0 0
112 3910 0 0 1955 3 0 0 0 0
118 24 1 1 8 7 3 0 0 0
121 14 0 0 7 2 0 7 2 0
124 9731 0 0 3244 2 0 6 2 0
127 12924 1 1 3231 1616 808 0 0 0
136 12924 0 0 6462 1246 227 0 0 0
137 12924 0 0 3231 0 0 3231 2 0
138 9273 0 0 3231 3 1 0 0 0
139 6462 0 0 3231 0 0 0 0 0
143 12 0 0 0 0 0 0 0 0
160 27 2 2 8 0 0 2 0 0
162 24 0 0 6 3 2 0 0 0
170 36 1 1 6 0 0 6 0 0
171 12 0 0 6 0 0 0 0 0
174 2 0 0 0 0 0 0 0 0
fn=_dl_start
83 1 0 0 1 0 0 0 0 0
84 1 0 0 1 0 0 0 0 0
111 33 0 0 0 0 0 0 0 0
112 20 1 1 10 3 2 0 0 0
116 2 0 0 1 0 0 0 0 0
124 22 0 0 0 0 0 0 0 0
136 18 0 0 6 3 1 0 0 0
137 12 0 0 0 0 0 0 0 0
139 12 0 0 6 0 0 0 0 0
fl=/build/glibc-yWQXbR/glibc-2.24/elf/get-dynamic-info.h
fn=_dl_map_object_from_fd
39 10 0 0 0 0 0 0 0 0
43 5 0 0 0 0 0 0 0 0
45 402 0 0 134 68 36 0 0 0
47 258 0 0 0 0 0 0 0 0
60 129 1 1 0 0 0 0 0 0
61 212 0 0 0 0 0 124 49 29
62 20 0 0 0 0 0 0 0 0
64 5 0 0 0 0 0 0 0 0
65 25 0 0 0 0 0 0 0 0
67 5 1 1 0 0 0 0 0 0
68 20 1 1 0 0 0 0 0 0
69 5 0 0 0 0 0 0 0 0
70 20 0 0 0 0 0 5 0 0
71 129 0 0 0 0 0 0 0 0
78 10 1 1 0 0 0 0 0 0
98 17 0 0 7 0 0 0 0 0
99 20 0 0 10 0 0 0 0 0
100 20 0 0 10 0 0 0 0 0
101 20 0 0 10 0 0 0 0 0
103 20 1 1 10 0 0 0 0 0
108 20 0 0 10 0 0 0 0 0
109 19 0 0 9 1 1 0 0 0
110 20 0 0 10 0 0 0 0 0
116 15 0 0 5 0 0 0 0 0
121 10 1 1 5 0 0 0 0 0
128 10 0 0 5 0 0 0 0 0
129 15 0 0 10 0 0 0 0 0
145 15 0 0 5 3 0 0 0 0
150 4 0 0 2 0 0 2 1 0
152 4 0 0 0 0 0 0 0 0
154 4 0 0 0 0 0 0 0 0
156 4 0 0 0 0 0 0 0 0
159 15 1 1 5 0 0 0 0 0
161 4 0 0 1 0 0 1 0 0
169 2 1 1 1 0 0 0 0 0
174 2 0 0 0 0 0 0 0 0
177 10 0 0 5 0 0 0 0 0
fn=_dl_start
45 57 1 1 19 10 5 0 0 0
47 36 1 1 0 0 0 0 0 0
48 1 0 0 0 0 0 0 0 0
60 21 0 0 0 0 0 0 0 0
61 29 0 0 0 0 0 17 9 7
62 4 0 0 0 0 0 0 0 0
64 2 0 0 0 0 0 0 0 0
65 5 1 1 0 0 0 0 0 0
67 2 0 0 0 0 0 0 0 0
68 5 1 1 0 0 0 0 0 0
69 1 1 1 0 0 0 0 0 0
70 5 1 1 0 0 0 1 1 1
71 18 0 0 0 0 0 0 0 0
78 2 1 1 0 0 0 0 0 0
98 4 0 0 2 0 0 0 0 0
99 4 0 0 2 0 0 0 0 0
100 4 1 1 2 0 0 0 0 0
101 4 0 0 2 0 0 0 0 0
103 4 0 0 2 0 0 0 0 0
108 4 0 0 2 0 0 0 0 0
109 4 1 1 2 0 0 0 0 0
110 4 0 0 2 0 0 0 0 0
116 3 0 0 1 0 0 0 0 0
121 2 0 0 1 0 0 0 0 0
128 3 0 0 1 0 0 0 0 0
129 3 1 1 2 0 0 0 0 0
137 3 0 0 1 0 0 0 0 0
139 3 0 0 1 1 0 0 0 0
142 2 1 1 1 0 0 0 0 0
143 2 0 0 1 0 0 0 0 0
fn=dl_main
30 1 0 0 1 0 0 0 0 0
39 2 1 1 0 0 0 0 0 0
43 1 0 0 0 0 0 0 0 0
45 87 0 0 29 15 8 0 0 0
47 56 0 0 0 0 0 0 0 0
60 25 0 0 0 0 0 0 0 0
61 44 1 1 0 0 0 27 9 6
62 4 0 0 0 0 0 0 0 0
64 1 0 0 0 0 0 0 0 0
65 5 1 1 0 0 0 0 0 0
67 1 0 0 0 0 0 0 0 0
68 5 1 1 0 0 0 0 0 0
69 1 0 0 0 0 0 0 0 0
70 4 0 0 0 0 0 1 0 0
71 28 0 0 0 0 0 0 0 0
78 3 1 1 1 0 0 0 0 0
98 3 0 0 1 0 0 0 0 0
99 4 0 0 2 0 0 0 0 0
100 4 0 0 2 0 0 0 0 0
101 4 1 1 2 0 0 0 0 0
103 4 0 0 2 0 0 0 0 0
108 4 0 0 2 0 0 0 0 0
109 4 0 0 2 0 0 0 0 0
110 4 1 1 2 0 0 0 0 0
116 3 0 0 1 0 0 0 0 0
121 2 0 0 1 0 0 0 0 0
128 2 0 0 1 0 0 0 0 0
129 3 0 0 2 0 0 0 0 0
145 3 1 1 1 1 0 0 0 0
159 3 1 1 1 0 0 0 0 0
161 3 0 0 1 0 0 1 1 1
169 2 0 0 1 0 0 0 0 0
174 2 0 0 0 0 0 0 0 0
177 2 0 0 1 0 0 0 0 0
fl=/build/glibc-yWQXbR/glibc-2.24/elf/rtld.c
fn=_dl_initial_error_catch_tsd
755 28 1 1 14 0 0 0 0 0
fn=_dl_start
393 2 0 0 0 0 0 1 1 1
394 2 0 0 0 0 0 1 1 0
395 2 0 0 0 0 0 1 1 1
396 2 0 0 0 0 0 1 1 0
397 2 0 0 0 0 0 1 0 0
405 5 1 1 0 0 0 1 1 1
408 1 0 0 0 0 0 1 1 1
414 4 1 1 0 0 0 1 0 0
423 4 0 0 0 0 0 0 0 0
426 2 0 0 1 1 1 1 1 1
430 2 1 1 1 0 0 0 0 0
444 9 1 1 0 0 0 6 2 1
462 5 0 0 0 0 0 1 1 1
485 1 0 0 0 0 0 1 1 0
488 1 0 0 0 0 0 1 1 1
499 2 0 0 0 0 0 0 0 0
504 26 2 2 8 0 0 0 0 0
506 1 1 1 1 1 1 0 0 0
531 9 0 0 7 2 1 0 0 0
fn=dl_main
810 1 0 0 1 1 0 0 0 0
812 1 1 1 0 0 0 1 0 0
821 1 0 0 0 0 0 1 0 0
823 1 0 0 0 0 0 1 0 0
828 1 0 0 0 0 0 1 0 0
881 12 1 1 0 0 0 7 2 2
890 1 0 0 0 0 0 0 0 0
896 1 0 0 0 0 0 1 0 0
900 2 0 0 0 0 0 1 0 0
903 2 0 0 0 0 0 1 1 1
907 2 0 0 0 0 0 1 1 1
908 2 0 0 0 0 0 1 0 0
913 2 0 0 0 0 0 1 0 0
923 3 1 1 1 0 0 0 0 0
1124 8 1 1 0 0 0 1 0 0
1126 2 0 0 0 0 0 0 0 0
1127 1 1 1 0 0 0 1 1 0
1128 2 0 0 1 0 0 1 0 0
1129 2 0 0 1 0 0 1 0 0
1133 3 0 0 0 0 0 1 0 0
1134 3 0 0 1 0 0 0 0 0
1155 1 0 0 0 0 0 1 1 0
1156 1 0 0 0 0 0 1 0 0
1158 1 0 0 0 0 0 1 0 0
1160 1 0 0 1 0 0 0 0 0
1163 33 2 2 1 0 0 0 0 0
1164 71 1 1 9 9 5 0 0 0
1168 3 1 1 1 0 0 1 0 0
1169 1 0 0 0 0 0 0 0 0
1173 3 1 1 2 0 0 1 0 0
1174 1 0 0 0 0 0 0 0 0
1182 2 1 1 0 0 0 1 1 1
1183 3 1 1 2 1 1 0 0 0
1185 1 0 0 0 0 0 1 0 0
1192 2 0 0 1 0 0 0 0 0
1204 1 0 0 0 0 0 0 0 0
1210 1 0 0 0 0 0 0 0 0
1218 4 0 0 2 0 0 0 0 0
1219 11 1 1 3 1 1 0 0 0
1220 4 0 0 2 0 0 0 0 0
1221 1 0 0 0 0 0 1 0 0
1224 4 0 0 2 1 1 0 0 0
1225 4 0 0 2 0 0 0 0 0
1226 2 0 0 0 0 0 2 0 0
1227 6 0 0 3 0 0 0 0 0
1228 2 0 0 0 0 0 1 0 0
1255 2 0 0 1 0 0 1 1 0
1256 1 1 1 0 0 0 0 0 0
1259 2 0 0 1 0 0 1 0 0
1260 2 0 0 1 1 0 1 0 0
1261 1 0 0 0 0 0 0 0 0
1266 5 1 1 3 1 1 0 0 0
1269 2 1 1 0 0 0 0 0 0
1271 2 0 0 0 0 0 0 0 0
1273 2 0 0 1 0 0 0 0 0
1286 3 0 0 1 0 0 0 0 0
1287 10 1 1 5 0 0 2 0 0
1292 1 1 1 0 0 0 1 0 0
1294 1 0 0 0 0 0 1 1 1
1295 1 0 0 0 0 0 1 1 0
1297 3 0 0 2 0 0 0 0 0
1298 2 0 0 0 0 0 1 0 0
1302 2 0 0 1 0 0 0 0 0
1304 2 0 0 0 0 0 0 0 0
1309 2 1 1 0 0 0 1 0 0
1312 2 0 0 1 0 0 0 0 0
1328 5 1 1 0 0 0 2 0 0
1334 9 2 2 1 0 0 2 0 0
1339 2 0 0 1 0 0 1 0 0
1342 4 0 0 1 0 0 2 0 0
1344 1 0 0 0 0 0 1 0 0
1349 2 1 1 1 0 0 0 0 0
1352 3 0 0 2 0 0 1 0 0
1353 4 0 0 1 0 0 1 0 0
1354 2 1 1 1 0 0 1 0 0
1355 1 0 0 0 0 0 1 0 0
1356 1 0 0 1 0 0 0 0 0
1357 1 0 0 1 0 0 0 0 0
1362 2 0 0 1 1 0 0 0 0
1363 5 0 0 1 0 0 1 0 0
1380 2 1 1 1 1 1 0 0 0
1381 2 0 0 1 0 0 0 0 0
1383 3 0 0 1 0 0 0 0 0
1385 1 0 0 0 0 0 1 0 0
1386 4 1 1 1 0 0 1 1 1
1391 3 0 0 0 0 0 0 0 0
1392 5 0 0 1 1 1 0 0 0
1394 2 0 0 1 1 0 1 1 1
1395 2 0 0 1 0 0 1 0 0
1400 2 0 0 1 1 0 0 0 0
1405 1 0 0 0 0 0 1 0 0
1406 4 1 1 2 0 0 0 0 0
1407 2 0 0 0 0 0 0 0 0
1586 2 1 1 0 0 0 2 1 0
1594 3 0 0 1 0 0 0 0 0
1597 2 0 0 1 0 0 1 0 0
1601 3 0 0 1 0 0 0 0 0
1606 2 1 1 1 0 0 1 0 0
1607 1 0 0 0 0 0 1 0 0
1612 3 0 0 1 0 0 0 0 0
1627 3 0 0 2 0 0 0 0 0
1628 1 0 0 0 0 0 0 0 0
1629 1 0 0 0 0 0 0 0 0
1631 3 0 0 1 0 0 0 0 0
1633 5 1 1 0 0 0 0 0 0
1634 3 0 0 0 0 0 1 0 0
1635 4 0 0 0 0 0 0 0 0
1637 2 0 0 1 0 0 0 0 0
1647 5 1 1 0 0 0 1 0 0
1724 4 0 0 2 0 0 0 0 0
1728 8 2 2 0 0 0 0 0 0
1729 1 0 0 0 0 0 0 0 0
1732 3 0 0 0 0 0 1 0 0
1733 1 0 0 1 0 0 0 0 0
1734 2 0 0 0 0 0 0 0 0
1735 2 0 0 0 0 0 0 0 0
1741 5 0 0 0 0 0 0 0 0
1742 8 1 1 1 0 0 1 0 0
1743 4 0 0 0 0 0 0 0 0
1745 2 0 0 1 0 0 0 0 0
1748 21 0 0 2 0 0 0 0 0
1749 21 1 1 14 0 0 0 0 0
1752 3 0 0 2 0 0 1 0 0
1753 4 1 1 1 0 0 0 0 0
1754 1 0 0 0 0 0 1 0 0
1756 22 0 0 0 0 0 0 0 0
1757 25 1 1 13 0 0 0 0 0
1767 2 1 1 0 0 0 1 0 0
1769 2 1 1 1 0 0 1 0 0
1770 3 0 0 1 0 0 0 0 0
1772 2 0 0 0 0 0 1 0 0
1774 3 0 0 0 0 0 0 0 0
1776 3 0 0 1 1 0 0 0 0
1777 1 0 0 1 0 0 0 0 0
1790 2 1 1 0 0 0 0 0 0
1791 2 0 0 1 0 0 1 0 0
1792 3 0 0 1 0 0 0 0 0
1803 5 1 1 1 0 0 1 0 0
1804 1 0 0 0 0 0 1 1 1
1805 6 1 1 0 0 0 2 0 0
1815 2 0 0 1 0 0 1 0 0
1816 2 0 0 1 0 0 0 0 0
1817 2 0 0 0 0 0 2 0 0
1819 2 0 0 1 0 0 0 0 0
1824 3 0 0 1 0 0 0 0 0
2054 3 1 1 1 1 1 0 0 0
2110 2 1 1 0 0 0 1 0 0
2114 4 1 1 2 0 0 2 0 0
2118 2 0 0 1 0 0 1 1 0
2121 2 0 0 1 0 0 0 0 0
2175 3 1 1 1 0 0 0 0 0
2182 1 0 0 1 0 0 0 0 0
2184 7 1 1 1 0 0 0 0 0
2186 17 1 1 0 0 0 0 0 0
2188 21 0 0 14 4 2 0 0 0
2193 14 0 0 14 3 0 0 0 0
2195 16 0 0 0 0 0 0 0 0
2197 1 1 1 0 0 0 1 0 0
2198 1 0 0 1 0 0 0 0 0
2201 7 1 1 7 0 0 0 0 0
2203 14 0 0 7 2 1 0 0 0
2204 48 0 0 12 6 2 6 0 0
2208 25 0 0 9 5 1 0 0 0
2209 6 0 0 0 0 0 2 0 0
2211 4 0 0 0 0 0 0 0 0
2213 3 0 0 0 0 0 1 0 0
2219 2 0 0 1 0 0 0 0 0
2224 4 1 1 2 1 0 0 0 0
2226 1 0 0 1 0 0 0 0 0
2231 3 0 0 1 0 0 1 0 0
2234 2 0 0 1 0 0 0 0 0
2243 3 1 1 2 2 2 0 0 0
2245 4 0 0 1 0 0 0 0 0
2260 5 1 1 0 0 0 0 0 0
2262 1 0 0 1 0 0 0 0 0
2263 5 0 0 1 0 0 1 0 0
2264 4 0 0 0 0 0 0 0 0
2266 2 0 0 1 0 0 0 0 0
2274 1 0 0 0 0 0 1 0 0
2278 3 1 1 1 0 0 0 0 0
2298 3 0 0 0 0 0 1 0 0
2299 1 0 0 0 0 0 1 0 0
2300 1 0 0 0 0 0 1 0 0
2305 1 0 0 0 0 0 1 0 0
2310 8 0 0 7 2 2 0 0 0
2476 2 1 1 1 0 0 1 1 1
2478 1 0 0 0 0 0 1 0 0
2479 1 1 1 0 0 0 1 0 0
2483 10 0 0 1 0 0 3 2 0
2485 15 1 1 3 0 0 3 1 1
2489 107 0 0 21 1 0 0 0 0
2490 19 0 0 0 0 0 0 0 0
2492 4 0 0 0 0 0 0 0 0
2498 13 2 2 2 1 1 0 0 0
2519 6 2 2 0 0 0 1 0 0
2526 6 1 1 0 0 0 1 0 0
2528 3 0 0 0 0 0 1 0 0
2573 3 1 1 1 0 0 0 0 0
2574 6 1 1 0 0 0 1 0 0
2576 3 1 1 0 0 0 1 1 1
2646 3 0 0 1 0 0 0 0 0
2676 3 0 0 1 0 0 0 0 0
fn=do_preload
761 6 1 1 0 0 0 3 0 0
763 1 0 0 0 0 0 1 0 0
767 1 0 0 0 0 0 1 0 0
768 1 1 1 0 0 0 1 0 0
769 1 0 0 0 0 0 1 0 0
771 1 0 0 1 0 0 0 0 0
773 6 0 0 0 0 0 1 0 0
774 3 0 0 1 0 0 0 0 0
782 3 1 1 1 0 0 0 0 0
788 5 0 0 4 0 0 0 0 0
fn=dso_name_valid_for_suid
120 4 1 1 0 0 0 2 0 0
121 3 0 0 1 0 0 0 0 0
129 2 0 0 1 0 0 0 0 0
130 5 0 0 3 0 0 0 0 0
fn=handle_ld_preload
848 10 2 2 0 0 0 5 0 0
849 1 0 0 0 0 0 0 0 0
853 4 0 0 2 0 0 0 0 0
856 4 0 0 0 0 0 1 1 1
857 3 0 0 0 0 0 0 0 0
859 4 0 0 0 0 0 1 0 0
860 2 0 0 0 0 0 1 0 0
866 1 0 0 0 0 0 0 0 0
868 2 1 1 1 0 0 0 0 0
870 4 0 0 0 0 0 1 0 0
871 5 0 0 0 0 0 1 0 0
874 8 0 0 6 0 0 0 0 0
fn=init_tls
680 2 0 0 0 0 0 1 0 0
682 2 0 0 1 0 0 1 0 0
686 2 0 0 1 1 0 0 0 0
692 2 0 0 0 0 0 1 0 0
695 1 0 0 0 0 0 1 0 0
696 4 1 1 0 0 0 1 0 0
701 1 0 0 0 0 0 0 0 0
703 1 0 0 0 0 0 1 0 0
707 2 0 0 1 1 1 0 0 0
708 1 0 0 0 0 0 0 0 0
709 17 1 1 1 0 0 0 0 0
710 14 0 0 7 0 0 0 0 0
711 14 0 0 7 3 0 0 0 0
715 6 0 0 0 0 0 2 1 0
717 2 0 0 0 0 0 0 0 0
719 3 1 1 0 0 0 0 0 0
722 1 0 0 0 0 0 1 0 0
729 2 0 0 0 0 0 1 0 0
730 2 0 0 0 0 0 0 0 0
736 2 1 1 1 0 0 1 0 0
739 7 0 0 0 0 0 2 0 0
742 1 1 1 0 0 0 1 0 0
745 3 0 0 2 0 0 0 0 0
fn=map_doit
587 2 1 1 0 0 0 1 0 0
589 4 0 0 1 0 0 0 0 0
590 6 0 0 2 0 0 2 1 0
592 2 0 0 2 0 0 0 0 0
fn=rtld_lock_default_lock_recursive
795 260 2 2 260 4 3 0 0 0
fn=rtld_lock_default_unlock_recursive
801 260 0 0 260 1 0 0 0 0
fn=version_check_doit
620 2 1 1 0 0 0 1 0 0
622 6 0 0 2 0 0 1 0 0
626 2 0 0 2 0 0 0 0 0
fl=/build/glibc-yWQXbR/glibc-2.24/elf/setup-vdso.h
fn=dl_main
24 2 0 0 1 0 0 0 0 0
fl=/build/glibc-yWQXbR/glibc-2.24/io/../sysdeps/unix/syscall-template.S
fn=access
84 24 1 1 0 0 0 0 0 0
86 30 0 0 6 0 0 6 1 0
fn=close
84 24 1 1 0 0 0 0 0 0
85 6 0 0 6 0 0 0 0 0
fn=open
84 52 1 1 0 0 0 0 0 0
85 6 0 0 6 0 0 0 0 0
86 35 0 0 7 0 0 7 0 0
fn=read
84 20 1 1 0 0 0 0 0 0
85 5 0 0 5 0 0 0 0 0
fl=/build/glibc-yWQXbR/glibc-2.24/io/../sysdeps/unix/sysv/linux/wordsize-64/fxstat.c
fn=_fxstat
34 12 1 1 0 0 0 0 0 0
35 36 1 1 0 0 0 0 0 0
39 6 0 0 6 0 0 0 0 0
fl=/build/glibc-yWQXbR/glibc-2.24/io/../sysdeps/unix/sysv/linux/wordsize-64/xstat.c
fn=_xstat
33 4 0 0 0 0 0 0 0 0
34 8 1 1 0 0 0 0 0 0
35 36 0 0 3 0 0 3 0 0
39 1 0 0 1 0 0 0 0 0
fl=/build/glibc-yWQXbR/glibc-2.24/libio/genops.c
fn=_IO_cleanup
894 12 0 0 4 0 0 0 0 0
896 9 1 1 3 3 0 0 0 0
898 6 1 1 2 0 0 0 0 0
904 1 0 0 1 0 0 0 0 0
934 3 0 0 0 0 0 3 0 0
954 7 1 1 0 0 0 6 0 0
957 3 0 0 0 0 0 1 0 0
969 9 1 1 7 0 0 0 0 0
fn=_IO_flush_all_lockp
766 8 2 2 0 0 0 6 0 0
772 4 0 0 0 0 0 1 0 0
777 1 0 0 1 1 1 0 0 0
778 1 1 1 1 1 1 0 0 0
779 8 0 0 0 0 0 0 0 0
781 3 0 0 0 0 0 3 0 0
782 6 0 0 0 0 0 0 0 0
783 1 1 1 1 0 0 0 0 0
785 21 2 2 9 6 6 0 0 0
795 6 1 1 0 0 0 0 0 0
797 3 0 0 0 0 0 3 0 0
799 12 2 2 3 0 0 0 0 0
806 3 0 0 3 3 3 0 0 0
810 2 0 0 0 0 0 0 0 0
812 3 0 0 1 0 0 0 0 0
816 9 0 0 7 0 0 0 0 0
fl=/build/glibc-yWQXbR/glibc-2.24/libio/libioP.h
fn=_IO_cleanup
936 4 1 1 0 0 0 0 0 0
fn=_IO_flush_all_lockp
936 4 1 1 0 0 0 0 0 0
fl=/build/glibc-yWQXbR/glibc-2.24/malloc/arena.c
fn=malloc_hook_ini
257 3 0 0 1 1 1 0 0 0
fn=ptmalloc_init.part.5
218 72 0 0 24 7 4 0 0 0
220 46 1 1 23 18 10 0 0 0
221 2 0 0 1 0 0 0 0 0
222 2 0 0 1 0 0 0 0 0
236 23 0 0 0 0 0 0 0 0
255 6 1 1 0 0 0 5 0 0
260 1 0 0 0 0 0 1 0 0
268 2 0 0 1 0 0 0 0 0
269 7 1 1 0 0 0 1 0 0
270 4 0 0 2 1 0 0 0 0
274 3 1 1 1 1 1 1 1 0
276 5 0 0 2 2 0 0 0 0
292 2 0 0 0 0 0 0 0 0
337 2 1 1 0 0 0 0 0 0
344 2 0 0 2 2 1 0 0 0
345 2 0 0 0 0 0 0 0 0
348 1 0 0 0 0 0 1 1 0
349 7 0 0 6 2 0 0 0 0
fn=sysmalloc
485 4 0 0 0 0 0 1 0 0
fl=/build/glibc-yWQXbR/glibc-2.24/malloc/hooks.c
fn=malloc_hook_ini
29 4 0 0 1 0 0 2 0 0
30 2 1 1 1 0 0 1 0 0
32 1 0 0 0 0 0 0 0 0
33 1 0 0 0 0 0 0 0 0
fl=/build/glibc-yWQXbR/glibc-2.24/malloc/malloc.c
fn=_int_malloc
1890 3 0 0 1 0 0 0 0 0
3357 7 1 1 0 0 0 6 0 0
3387 12 1 1 0 0 0 1 0 0
3391 2 0 0 0 0 0 0 0 0
3393 1 0 0 0 0 0 0 0 0
3405 2 0 0 1 1 1 0 0 0
3442 2 1 1 0 0 0 0 0 0
3486 19 3 3 0 0 0 1 0 0
3487 2 0 0 1 0 0 0 0 0
3488 2 0 0 0 0 0 1 0 0
3507 5 1 1 1 0 0 0 0 0
3527 2 0 0 0 0 0 1 0 0
3641 2 1 1 0 0 0 0 0 0
3643 5 1 1 1 0 0 0 0 0
3646 3 0 0 1 0 0 0 0 0
3714 2 0 0 1 0 0 0 0 0
3715 2 0 0 0 0 0 0 0 0
3716 2 0 0 0 0 0 0 0 0
3717 2 1 1 1 1 0 0 0 0
3718 2 0 0 0 0 0 0 0 0
3723 2 0 0 0 0 0 0 0 0
3727 3 1 1 0 0 0 0 0 0
3830 1 0 0 1 0 0 0 0 0
3831 2 0 0 1 0 0 0 0 0
3833 2 0 0 1 0 0 0 0 0
3850 2 1 1 1 0 0 0 0 0
3855 3 0 0 0 0 0 1 0 0
3857 26 2 2 0 0 0 10 0 0
3865 4 1 1 0 0 0 1 0 0
3866 2 0 0 0 0 0 0 0 0
3871 9 2 2 7 0 0 0 0 0
fn=malloc
2917 6 1 1 0 0 0 4 1 0
2922 4 0 0 4 3 1 0 0 0
2923 4 0 0 0 0 0 0 0 0
2924 2 1 1 1 0 0 0 0 0
2926 14 3 3 5 2 1 0 0 0
2928 4 0 0 0 0 0 1 0 0
2931 2 0 0 0 0 0 0 0 0
2939 4 1 1 2 0 0 0 0 0
2941 10 0 0 1 0 0 0 0 0
2944 8 0 0 5 0 0 0 0 0
fn=malloc_consolidate
4182 2 1 1 1 0 0 0 0 0
4252 1 1 1 0 0 0 0 0 0
fn=malloc_init_state
1806 4 1 1 0 0 0 0 0 0
1811 254 0 0 0 0 0 0 0 0
1814 381 0 0 0 0 0 254 64 33
1818 3 0 0 0 0 0 0 0 0
1822 1 0 0 0 0 0 1 0 0
1823 2 0 0 0 0 0 1 0 0
1825 1 0 0 0 0 0 1 1 0
1826 2 1 1 2 0 0 0 0 0
fn=sysmalloc
2279 8 1 1 0 0 0 6 1 0
2299 2 0 0 2 1 1 0 0 0
2310 2 0 0 0 0 0 0 0 0
2311 6 1 1 1 1 0 2 2 0
2326 3 0 0 0 0 0 1 0 0
2392 1 0 0 1 0 0 0 0 0
2393 3 0 0 1 0 0 0 0 0
2394 1 0 0 0 0 0 0 0 0
2403 6 1 1 1 0 0 0 0 0
2409 3 0 0 0 0 0 0 0 0
2412 3 0 0 0 0 0 0 0 0
2465 3 1 1 1 0 0 0 0 0
2473 2 0 0 1 0 0 0 0 0
2474 1 0 0 0 0 0 0 0 0
2484 6 0 0 0 0 0 2 0 0
2492 2 0 0 0 0 0 0 0 0
2494 7 1 1 2 2 0 4 0 0
2498 5 0 0 3 0 0 0 0 0
2501 4 1 1 2 1 0 0 0 0
2502 2 0 0 0 0 0 0 0 0
2548 2 0 0 1 1 0 0 0 0
2549 2 1 1 0 0 0 1 0 0
2550 3 0 0 1 0 0 1 0 0
2556 2 0 0 0 0 0 0 0 0
2559 6 1 1 1 0 0 0 0 0
2596 2 0 0 0 0 0 0 0 0
2602 4 0 0 0 0 0 0 0 0
2621 1 1 1 0 0 0 0 0 0
2624 2 0 0 0 0 0 0 0 0
2625 5 0 0 2 0 0 0 0 0
2627 2 0 0 0 0 0 0 0 0
2628 5 1 1 2 0 0 3 0 0
2640 4 0 0 2 0 0 0 0 0
2648 2 0 0 2 0 0 0 0 0
2649 4 0 0 1 0 0 0 0 0
2687 1 1 1 0 0 0 1 0 0
2688 4 0 0 0 0 0 1 1 1
2689 2 0 0 0 0 0 1 0 0
2700 2 0 0 0 0 0 0 0 0
2733 2 1 1 1 0 0 0 0 0
2734 1 0 0 0 0 0 1 0 0
2739 2 0 0 1 0 0 0 0 0
2742 2 0 0 0 0 0 0 0 0
2744 1 1 1 0 0 0 0 0 0
2745 1 0 0 0 0 0 0 0 0
2746 1 0 0 0 0 0 1 0 0
2747 8 0 0 0 0 0 1 0 0
2748 2 0 0 0 0 0 1 1 1
2750 1 0 0 0 0 0 0 0 0
2756 8 0 0 7 0 0 0 0 0
fl=/build/glibc-yWQXbR/glibc-2.24/malloc/morecore.c
fn=__default_morecore
46 2 1 1 0 0 0 0 0 0
47 2 0 0 0 0 0 2 1 0
49 6 1 1 0 0 0 0 0 0
52 4 0 0 2 0 0 0 0 0
fl=/build/glibc-yWQXbR/glibc-2.24/math/../sysdeps/x86_64/fpu/multiarch/e_asin.c
fn=__acos_finite
10 5 1 1 3 0 0 0 0 0
fn=__asin_finite
16 5 1 1 3 0 0 0 0 0
fl=/build/glibc-yWQXbR/glibc-2.24/math/../sysdeps/x86_64/fpu/multiarch/e_atan2.c
fn=__atan2_finite
9 8 2 2 3 0 0 0 0 0
fl=/build/glibc-yWQXbR/glibc-2.24/math/../sysdeps/x86_64/fpu/multiarch/e_exp.c
fn=__exp_finite
9 8 2 2 3 0 0 0 0 0
fl=/build/glibc-yWQXbR/glibc-2.24/math/../sysdeps/x86_64/fpu/multiarch/e_log.c
fn=__log_finite
9 8 1 1 3 0 0 0 0 0
fl=/build/glibc-yWQXbR/glibc-2.24/math/../sysdeps/x86_64/fpu/multiarch/e_pow.c
fn=__pow_finite
8 5 2 2 3 0 0 0 0 0
fl=/build/glibc-yWQXbR/glibc-2.24/math/../sysdeps/x86_64/fpu/multiarch/s_ceil.S
fn=ceil
25 1 1 1 1 0 0 0 0 0
26 1 0 0 0 0 0 0 0 0
27 1 0 0 1 0 0 0 0 0
28 1 0 0 0 0 0 0 0 0
30 1 0 0 1 0 0 0 0 0
fl=/build/glibc-yWQXbR/glibc-2.24/math/../sysdeps/x86_64/fpu/multiarch/s_ceilf.S
fn=ceilf
25 1 1 1 1 0 0 0 0 0
26 1 0 0 0 0 0 0 0 0
27 1 0 0 1 0 0 0 0 0
28 1 0 0 0 0 0 0 0 0
30 1 0 0 1 0 0 0 0 0
fl=/build/glibc-yWQXbR/glibc-2.24/math/../sysdeps/x86_64/fpu/multiarch/s_floor.S
fn=floor
25 1 1 1 1 0 0 0 0 0
26 1 0 0 0 0 0 0 0 0
27 1 0 0 1 0 0 0 0 0
28 1 0 0 0 0 0 0 0 0
30 1 0 0 1 0 0 0 0 0
fl=/build/glibc-yWQXbR/glibc-2.24/math/../sysdeps/x86_64/fpu/multiarch/s_floorf.S
fn=floorf
25 1 1 1 1 0 0 0 0 0
26 1 0 0 0 0 0 0 0 0
27 1 1 1 1 0 0 0 0 0
28 1 0 0 0 0 0 0 0 0
30 1 0 0 1 0 0 0 0 0
fl=/build/glibc-yWQXbR/glibc-2.24/math/../sysdeps/x86_64/fpu/multiarch/s_rint.S
fn=rint
25 1 1 1 1 0 0 0 0 0
26 1 0 0 0 0 0 0 0 0
27 1 0 0 1 0 0 0 0 0
28 1 0 0 0 0 0 0 0 0
30 1 0 0 1 0 0 0 0 0
fl=/build/glibc-yWQXbR/glibc-2.24/math/../sysdeps/x86_64/fpu/multiarch/s_rintf.S
fn=rintf
25 1 1 1 1 0 0 0 0 0
26 1 0 0 0 0 0 0 0 0
27 1 0 0 1 0 0 0 0 0
28 1 0 0 0 0 0 0 0 0
30 1 1 1 1 0 0 0 0 0
fl=/build/glibc-yWQXbR/glibc-2.24/math/../sysdeps/x86_64/fpu/multiarch/s_sin.c
fn=cos
12 8 2 2 3 0 0 0 0 0
fn=sin
17 8 1 1 3 0 0 0 0 0
fl=/build/glibc-yWQXbR/glibc-2.24/misc/../sysdeps/unix/syscall-template.S
fn=mprotect
84 48 1 1 0 0 0 0 0 0
85 12 0 0 12 0 0 0 0 0
fn=munmap
84 4 0 0 0 0 0 0 0 0
85 1 0 0 1 0 0 0 0 0
fl=/build/glibc-yWQXbR/glibc-2.24/misc/../sysdeps/unix/sysv/linux/wordsize-64/mmap.c
fn=mmap
32 160 0 0 0 0 0 96 6 4
33 92 2 2 5 0 0 0 0 0
34 160 0 0 0 0 0 0 0 0
36 112 0 0 112 0 0 0 0 0
fl=/build/glibc-yWQXbR/glibc-2.24/misc/../sysdeps/unix/sysv/linux/x86_64/brk.c
fn=brk
31 16 1 1 2 0 0 2 0 0
33 4 1 1 0 0 0 0 0 0
39 2 0 0 0 0 0 0 0 0
40 2 0 0 2 0 0 0 0 0
fl=/build/glibc-yWQXbR/glibc-2.24/misc/init-misc.c
fn=__init_misc
30 3 0 0 0 0 0 2 1 0
31 6 1 1 1 0 0 0 0 0
33 3 1 1 0 0 0 1 0 0
34 2 0 0 0 0 0 0 0 0
37 3 0 0 1 1 1 1 1 1
38 3 0 0 2 1 1 1 0 0
40 4 0 0 3 0 0 0 0 0
fl=/build/glibc-yWQXbR/glibc-2.24/misc/sbrk.c
fn=sbrk
34 8 1 1 0 0 0 6 0 0
42 11 0 0 5 3 1 0 0 0
43 6 1 1 1 0 0 1 1 0
46 4 0 0 0 0 0 0 0 0
50 6 0 0 0 0 0 0 0 0
58 4 1 1 0 0 0 1 0 0
62 10 0 0 8 0 0 0 0 0
fl=/build/glibc-yWQXbR/glibc-2.24/nptl/unregister-atfork.c
fn=__unregister_atfork
36 5 1 1 5 1 1 0 0 0
39 10 0 0 0 0 0 0 0 0
121 5 1 1 5 0 0 0 0 0
fl=/build/glibc-yWQXbR/glibc-2.24/posix/../sysdeps/unix/syscall-template.S
fn=uname
84 4 1 1 0 0 0 0 0 0
85 1 0 0 1 0 0 0 0 0
fl=/build/glibc-yWQXbR/glibc-2.24/posix/../sysdeps/unix/sysv/linux/_exit.c
fn=_Exit
27 2 1 1 1 1 1 0 0 0
31 4 1 1 0 0 0 0 0 0
33 2 0 0 0 0 0 0 0 0
fl=/build/glibc-yWQXbR/glibc-2.24/setjmp/../sysdeps/x86_64/bsd-_setjmp.S
fn=_setjmp
30 1 1 1 0 0 0 0 0 0
32 1 0 0 0 0 0 0 0 0
fl=/build/glibc-yWQXbR/glibc-2.24/setjmp/../sysdeps/x86_64/setjmp.S
fn=__sigsetjmp
26 14 2 2 0 0 0 14 1 0
35 14 0 0 0 0 0 0 0 0
36 28 0 0 14 0 0 0 0 0
37 14 0 0 0 0 0 14 0 0
41 14 0 0 0 0 0 14 1 0
42 14 0 0 0 0 0 14 0 0
43 14 1 1 0 0 0 14 0 0
44 14 0 0 0 0 0 14 0 0
45 14 0 0 0 0 0 0 0 0
47 28 1 1 14 0 0 0 0 0
49 14 0 0 0 0 0 14 1 0
50 14 0 0 14 0 0 0 0 0
53 28 0 0 14 0 0 0 0 0
55 14 0 0 0 0 0 14 0 0
59 13 0 0 0 0 0 0 0 0
60 13 0 0 13 0 0 0 0 0
63 1 0 0 0 0 0 0 0 0
fl=/build/glibc-yWQXbR/glibc-2.24/setjmp/sigjmp.c
fn=__sigjmp_save
28 2 0 0 0 0 0 1 0 0
29 3 0 0 0 0 0 1 0 0
34 3 0 0 2 0 0 0 0 0
fl=/build/glibc-yWQXbR/glibc-2.24/stdlib/cxa_atexit.c
fn=__cxa_atexit
35 12 0 0 0 0 0 6 0 0
37 12 0 0 0 0 0 0 0 0
41 18 1 1 6 1 0 0 0 0
43 6 0 0 0 0 0 6 0 0
44 6 0 0 0 0 0 6 6 3
45 6 0 0 0 0 0 6 0 0
47 6 0 0 0 0 0 6 0 0
48 6 0 0 0 0 0 0 0 0
57 36 1 1 0 0 0 18 0 0
59 24 0 0 24 0 0 0 0 0
fn=__new_exitfn
73 24 1 1 0 0 0 12 0 0
79 36 1 1 12 3 2 0 0 0
81 39 2 2 7 2 1 0 0 0
83 28 0 0 6 2 1 0 0 0
84 25 0 0 5 1 0 0 0 0
91 2 0 0 0 0 0 1 0 0
94 10 0 0 0 0 0 0 0 0
112 1 1 1 0 0 0 0 0 0
113 2 0 0 0 0 0 1 0 0
119 15 0 0 0 0 0 0 0 0
120 10 0 0 0 0 0 5 0 0
126 6 1 1 0 0 0 6 1 0
127 6 0 0 6 2 1 0 0 0
130 24 1 1 12 0 0 0 0 0
133 30 0 0 18 0 0 0 0 0
fl=/build/glibc-yWQXbR/glibc-2.24/stdlib/cxa_finalize.c
fn=__cxa_finalize
31 40 0 0 0 0 0 30 0 0
35 35 2 2 10 0 0 0 0 0
39 106 0 0 5 0 0 0 0 0
44 100 0 0 25 4 2 0 0 0
46 15 0 0 5 0 0 0 0 0
47 5 0 0 5 0 0 0 0 0
48 25 1 1 10 1 0 0 0 0
51 5 0 0 5 1 1 0 0 0
54 10 0 0 5 0 0 0 0 0
56 10 0 0 0 0 0 5 0 0
60 10 0 0 5 0 0 0 0 0
67 30 1 1 10 1 0 0 0 0
71 35 0 0 5 1 1 0 0 0
79 10 0 0 0 0 0 0 0 0
80 10 0 0 0 0 0 0 0 0
82 35 1 1 30 0 0 0 0 0
fl=/build/glibc-yWQXbR/glibc-2.24/stdlib/cxa_thread_atexit_impl.c
fn=__call_tls_dtors
145 3 1 1 0 0 0 2 0 0
146 4 1 1 2 2 2 0 0 0
164 4 1 1 3 0 0 0 0 0
fl=/build/glibc-yWQXbR/glibc-2.24/stdlib/exit.c
fn=__run_exit_handlers
35 8 1 1 0 0 0 4 0 0
40 3 0 0 1 1 1 0 0 0
41 2 1 1 0 0 0 1 0 0
47 9 1 1 2 1 1 0 0 0
51 16 0 0 0 0 0 0 0 0
53 6 0 0 0 0 0 6 0 0
54 6 0 0 0 0 0 0 0 0
55 45 0 0 6 1 1 0 0 0
79 2 1 1 0 0 0 0 0 0
81 3 0 0 2 1 1 0 0 0
83 3 0 0 1 1 0 1 0 0
84 1 0 0 0 0 0 0 0 0
88 2 1 1 1 0 0 1 0 0
89 2 0 0 0 0 0 0 0 0
95 2 0 0 0 0 0 0 0 0
96 8 0 0 1 1 1 1 0 0
98 2 0 0 0 0 0 1 0 0
fn=exit
104 1 0 0 0 0 0 0 0 0
105 4 1 1 0 0 0 1 0 0
fl=/build/glibc-yWQXbR/glibc-2.24/string/../bits/stdlib-bsearch.h
fn=intel_check_word
27 12 0 0 0 0 0 0 0 0
28 24 0 0 0 0 0 0 0 0
29 168 0 0 0 0 0 0 0 0
31 228 0 0 0 0 0 0 0 0
32 81 0 0 0 0 0 0 0 0
37 15 0 0 0 0 0 0 0 0
fl=/build/glibc-yWQXbR/glibc-2.24/string/../sysdeps/x86/cacheinfo.c
fn=handle_intel
261 24 0 0 0 0 0 18 1 0
263 6 1 1 0 0 0 0 0 0
269 9 0 0 0 0 0 3 0 0
271 3 0 0 0 0 0 3 0 0
272 6 0 0 0 0 0 3 0 0
274 3 0 0 0 0 0 0 0 0
280 15 1 1 0 0 0 3 0 0
285 6 0 0 0 0 0 0 0 0
287 9 1 1 0 0 0 3 0 0
288 3 0 0 0 0 0 0 0 0
292 12 1 1 0 0 0 3 0 0
293 6 0 0 0 0 0 0 0 0
296 15 0 0 0 0 0 3 0 0
297 6 0 0 0 0 0 0 0 0
314 24 0 0 21 0 0 0 0 0
fn=init_cacheinfo
481 7 1 1 0 0 0 6 0 0
493 4 0 0 2 1 1 0 0 0
495 5 1 1 1 0 0 1 0 0
497 4 1 1 0 0 0 1 0 0
501 1 0 0 0 0 0 1 0 0
502 4 0 0 0 0 0 1 0 0
510 2 0 0 0 0 0 0 0 0
521 1 0 0 0 0 0 0 0 0
526 2 1 1 1 1 0 0 0 0
530 2 0 0 0 0 0 0 0 0
538 9 0 0 0 0 0 0 0 0
541 14 1 1 0 0 0 0 0 0
547 8 0 0 0 0 0 0 0 0
550 26 0 0 0 0 0 0 0 0
555 2 0 0 0 0 0 0 0 0
559 4 1 1 0 0 0 0 0 0
560 1 0 0 0 0 0 0 0 0
564 2 0 0 0 0 0 0 0 0
568 3 0 0 0 0 0 0 0 0
571 3 0 0 0 0 0 0 0 0
572 1 0 0 0 0 0 0 0 0
577 4 0 0 0 0 0 0 0 0
583 2 1 1 0 0 0 0 0 0
591 9 1 1 1 0 0 0 0 0
593 4 0 0 0 0 0 0 0 0
595 7 1 1 0 0 0 0 0 0
597 8 0 0 0 0 0 0 0 0
599 2 0 0 0 0 0 0 0 0
600 2 0 0 0 0 0 0 0 0
601 8 0 0 0 0 0 0 0 0
603 4 0 0 0 0 0 0 0 0
606 2 0 0 0 0 0 0 0 0
611 1 0 0 0 0 0 0 0 0
613 4 0 0 0 0 0 0 0 0
614 3 0 0 0 0 0 0 0 0
615 1 1 1 0 0 0 0 0 0
618 4 0 0 0 0 0 0 0 0
621 2 0 0 0 0 0 0 0 0
625 2 0 0 1 0 0 0 0 0
628 1 0 0 0 0 0 0 0 0
630 4 0 0 0 0 0 0 0 0
631 2 0 0 0 0 0 0 0 0
636 2 0 0 0 0 0 0 0 0
642 2 0 0 0 0 0 0 0 0
643 2 1 1 0 0 0 0 0 0
644 1 0 0 0 0 0 0 0 0
645 2 0 0 1 0 0 0 0 0
682 4 0 0 0 0 0 0 0 0
683 4 0 0 0 0 0 0 0 0
687 2 0 0 0 0 0 0 0 0
747 2 1 1 0 0 0 0 0 0
749 3 0 0 0 0 0 1 0 0
750 1 0 0 0 0 0 1 1 1
752 1 0 0 0 0 0 0 0 0
753 3 0 0 0 0 0 1 0 0
754 1 0 0 0 0 0 1 1 0
757 2 1 1 0 0 0 0 0 0
759 3 0 0 0 0 0 1 0 0
760 1 0 0 0 0 0 1 1 1
762 1 0 0 0 0 0 0 0 0
763 4 0 0 0 0 0 1 0 0
764 1 0 0 0 0 0 1 0 0
770 3 0 0 0 0 0 1 1 1
771 8 0 0 7 0 0 0 0 0
fn=intel_check_word
121 162 0 0 81 8 6 0 0 0
124 81 0 0 0 0 0 0 0 0
132 36 1 1 0 0 0 24 0 0
133 12 1 1 0 0 0 0 0 0
135 3 0 0 0 0 0 0 0 0
139 42 0 0 0 0 0 0 0 0
141 36 0 0 0 0 0 0 0 0
143 15 0 0 0 0 0 0 0 0
145 30 0 0 0 0 0 0 0 0
153 30 0 0 0 0 0 0 0 0
165 28 1 1 0 0 0 0 0 0
168 24 0 0 0 0 0 0 0 0
172 16 0 0 0 0 0 0 0 0
174 32 0 0 0 0 0 0 0 0
175 24 1 1 0 0 0 0 0 0
176 14 0 0 0 0 0 0 0 0
177 24 0 0 0 0 0 0 0 0
178 18 0 0 0 0 0 0 0 0
179 14 0 0 0 0 0 0 0 0
180 10 1 1 0 0 0 0 0 0
182 3 1 1 0 0 0 0 0 0
184 6 0 0 0 0 0 0 0 0
186 9 1 1 0 0 0 0 0 0
187 12 1 1 0 0 0 0 0 0
188 9 0 0 0 0 0 0 0 0
189 15 0 0 0 0 0 0 0 0
197 5 0 0 0 0 0 0 0 0
204 24 0 0 0 0 0 0 0 0
209 12 0 0 6 0 0 0 0 0
212 36 1 1 12 0 0 0 0 0
226 12 1 1 0 0 0 0 0 0
251 12 1 1 0 0 0 0 0 0
256 36 0 0 30 0 0 0 0 0
fl=/build/glibc-yWQXbR/glibc-2.24/string/../sysdeps/x86_64/multiarch/../memcmp.S
fn=bcmp
24 25 1 1 0 0 0 0 0 0
25 25 0 0 0 0 0 0 0 0
26 25 0 0 0 0 0 0 0 0
27 25 0 0 0 0 0 0 0 0
28 25 0 0 0 0 0 0 0 0
29 25 0 0 0 0 0 0 0 0
30 25 0 0 0 0 0 0 0 0
31 25 0 0 0 0 0 0 0 0
34 25 0 0 0 0 0 0 0 0
35 25 0 0 0 0 0 0 0 0
36 8 0 0 8 1 1 0 0 0
37 8 0 0 8 3 3 0 0 0
38 8 0 0 0 0 0 0 0 0
39 8 0 0 0 0 0 0 0 0
40 8 0 0 0 0 0 0 0 0
41 8 0 0 0 0 0 0 0 0
42 8 0 0 0 0 0 0 0 0
44 24 1 1 0 0 0 0 0 0
45 24 0 0 0 0 0 0 0 0
46 7 0 0 7 0 0 0 0 0
47 7 0 0 7 0 0 0 0 0
48 7 0 0 0 0 0 0 0 0
49 7 0 0 0 0 0 0 0 0
50 7 0 0 0 0 0 0 0 0
51 7 0 0 0 0 0 0 0 0
52 7 0 0 0 0 0 0 0 0
54 24 0 0 0 0 0 0 0 0
55 24 0 0 0 0 0 0 0 0
56 8 1 1 8 1 1 0 0 0
57 8 0 0 8 1 1 0 0 0
58 8 0 0 0 0 0 0 0 0
59 8 0 0 0 0 0 0 0 0
60 2 0 0 0 0 0 0 0 0
61 2 0 0 0 0 0 0 0 0
62 2 0 0 0 0 0 0 0 0
64 18 0 0 0 0 0 0 0 0
65 18 0 0 0 0 0 0 0 0
66 10 0 0 10 0 0 0 0 0
67 10 0 0 10 2 1 0 0 0
68 10 0 0 0 0 0 0 0 0
69 10 0 0 0 0 0 0 0 0
74 8 0 0 8 4 2 0 0 0
75 8 0 0 8 2 1 0 0 0
76 8 0 0 0 0 0 0 0 0
77 8 0 0 0 0 0 0 0 0
78 8 0 0 0 0 0 0 0 0
79 8 0 0 0 0 0 0 0 0
80 8 0 0 0 0 0 0 0 0
81 5 0 0 0 0 0 0 0 0
82 5 0 0 0 0 0 0 0 0
83 5 0 0 5 0 0 0 0 0
84 5 0 0 5 0 0 0 0 0
85 5 0 0 0 0 0 0 0 0
92 5 0 0 0 0 0 0 0 0
94 6 0 0 6 0 0 0 0 0
98 16 1 1 0 0 0 0 0 0
99 16 0 0 0 0 0 0 0 0
100 3 0 0 0 0 0 0 0 0
101 3 0 0 0 0 0 0 0 0
102 3 0 0 0 0 0 0 0 0
103 3 0 0 0 0 0 0 0 0
104 3 0 0 0 0 0 0 0 0
105 3 0 0 0 0 0 0 0 0
106 3 0 0 0 0 0 0 0 0
107 3 0 0 0 0 0 0 0 0
108 3 0 0 0 0 0 0 0 0
109 3 0 0 0 0 0 0 0 0
110 3 0 0 3 0 0 0 0 0
114 16 1 1 0 0 0 0 0 0
115 16 0 0 16 0 0 0 0 0
fl=/build/glibc-yWQXbR/glibc-2.24/string/../sysdeps/x86_64/multiarch/../multiarch/memmove-vec-unaligned-erms.S
fn=memcpy
131 29 1 1 0 0 0 0 0 0
133 59 0 0 0 0 0 0 0 0
134 59 0 0 0 0 0 0 0 0
135 26 0 0 0 0 0 0 0 0
136 26 0 0 0 0 0 0 0 0
141 13 0 0 13 1 1 0 0 0
142 13 0 0 13 0 0 0 0 0
143 13 0 0 0 0 0 13 5 4
144 13 0 0 0 0 0 13 3 2
149 13 0 0 13 0 0 0 0 0
260 33 1 1 0 0 0 0 0 0
261 33 0 0 0 0 0 0 0 0
262 12 0 0 0 0 0 0 0 0
263 12 0 0 0 0 0 0 0 0
264 9 0 0 0 0 0 0 0 0
265 9 0 0 0 0 0 0 0 0
266 8 0 0 0 0 0 0 0 0
267 3 0 0 3 1 1 0 0 0
268 3 0 0 0 0 0 3 1 1
270 8 0 0 8 0 0 0 0 0
292 21 0 0 21 0 0 0 0 0
293 21 0 0 21 0 0 0 0 0
294 21 0 0 0 0 0 21 8 6
295 21 0 0 0 0 0 21 0 0
296 21 0 0 21 0 0 0 0 0
299 3 0 0 3 0 0 0 0 0
300 3 0 0 3 0 0 0 0 0
301 3 0 0 0 0 0 3 0 0
302 3 0 0 0 0 0 3 0 0
303 3 0 0 3 0 0 0 0 0
306 1 0 0 1 1 1 0 0 0
307 1 0 0 1 0 0 0 0 0
308 1 1 1 0 0 0 1 1 1
309 1 0 0 0 0 0 1 0 0
310 1 0 0 1 0 0 0 0 0
320 13 0 0 0 0 0 0 0 0
321 13 0 0 0 0 0 0 0 0
322 13 0 0 0 0 0 0 0 0
323 13 0 0 0 0 0 0 0 0
345 13 1 1 13 0 0 0 0 0
346 13 0 0 13 0 0 0 0 0
347 13 0 0 13 0 0 0 0 0
348 13 0 0 13 0 0 0 0 0
349 13 0 0 0 0 0 13 6 4
350 13 0 0 0 0 0 13 6 1
351 13 0 0 0 0 0 13 4 2
352 13 0 0 0 0 0 13 0 0
354 13 0 0 13 0 0 0 0 0
fn=mempcpy
117 30 0 0 0 0 0 0 0 0
118 30 0 0 0 0 0 0 0 0
119 30 0 0 0 0 0 0 0 0
fl=/build/glibc-yWQXbR/glibc-2.24/string/../sysdeps/x86_64/multiarch/../multiarch/memset-vec-unaligned-erms.S
fn=memset
91 95 2 2 0 0 0 0 0 0
93 19 0 0 0 0 0 0 0 0
94 19 0 0 0 0 0 0 0 0
95 5 0 0 0 0 0 0 0 0
96 5 0 0 0 0 0 0 0 0
98 1 0 0 0 0 0 1 1 1
99 1 0 0 0 0 0 1 0 0
101 1 0 0 1 0 0 0 0 0
151 4 0 0 0 0 0 0 0 0
152 4 0 0 0 0 0 0 0 0
162 4 1 1 0 0 0 0 0 0
163 4 0 0 0 0 0 4 4 4
164 4 0 0 0 0 0 0 0 0
165 4 0 0 0 0 0 4 4 3
166 4 0 0 0 0 0 4 0 0
167 4 0 0 0 0 0 4 1 0
168 4 0 0 0 0 0 4 4 0
169 4 0 0 0 0 0 4 2 0
170 4 0 0 0 0 0 4 0 0
171 4 0 0 0 0 0 4 1 1
172 4 0 0 0 0 0 0 0 0
173 4 0 0 0 0 0 0 0 0
174 4 0 0 0 0 0 0 0 0
175 4 0 0 0 0 0 0 0 0
177 65 0 0 0 0 0 65 60 59
178 65 0 0 0 0 0 65 0 0
179 65 0 0 0 0 0 65 59 0
180 65 0 0 0 0 0 65 0 0
181 65 0 0 0 0 0 0 0 0
182 65 0 0 0 0 0 0 0 0
183 65 0 0 0 0 0 0 0 0
184 4 0 0 4 0 0 0 0 0
199 14 2 2 0 0 0 0 0 0
200 14 0 0 0 0 0 0 0 0
201 14 0 0 0 0 0 0 0 0
202 6 0 0 0 0 0 0 0 0
203 6 0 0 0 0 0 0 0 0
204 2 0 0 0 0 0 0 0 0
205 2 0 0 0 0 0 0 0 0
229 8 2 2 0 0 0 8 2 2
230 8 0 0 0 0 0 8 1 0
232 8 0 0 8 0 0 0 0 0
235 4 0 0 0 0 0 4 0 0
236 4 0 0 0 0 0 4 0 0
238 4 0 0 4 0 0 0 0 0
241 2 0 0 0 0 0 2 0 0
242 2 0 0 0 0 0 2 0 0
244 2 0 0 2 0 0 0 0 0
fl=/build/glibc-yWQXbR/glibc-2.24/string/../sysdeps/x86_64/multiarch/../strchr.S
fn=index
24 20 1 1 0 0 0 0 0 0
25 20 0 0 0 0 0 0 0 0
26 20 0 0 0 0 0 0 0 0
27 20 0 0 0 0 0 0 0 0
28 20 1 1 0 0 0 0 0 0
29 20 0 0 0 0 0 0 0 0
30 20 0 0 0 0 0 0 0 0
31 20 0 0 0 0 0 0 0 0
32 20 0 0 20 7 6 0 0 0
33 20 0 0 0 0 0 0 0 0
34 20 0 0 0 0 0 0 0 0
35 20 0 0 0 0 0 0 0 0
36 20 0 0 0 0 0 0 0 0
37 20 0 0 0 0 0 0 0 0
38 20 0 0 0 0 0 0 0 0
39 20 0 0 0 0 0 0 0 0
40 20 0 0 0 0 0 0 0 0
41 16 0 0 0 0 0 0 0 0
45 16 0 0 0 0 0 0 0 0
46 16 0 0 0 0 0 0 0 0
47 16 1 1 16 0 0 0 0 0
48 16 0 0 0 0 0 0 0 0
50 16 0 0 16 0 0 0 0 0
54 4 0 0 4 1 0 0 0 0
55 4 0 0 0 0 0 0 0 0
56 4 0 0 0 0 0 0 0 0
57 4 0 0 0 0 0 0 0 0
58 4 0 0 0 0 0 0 0 0
59 4 0 0 0 0 0 0 0 0
60 4 0 0 4 0 0 0 0 0
61 4 0 0 0 0 0 0 0 0
62 4 0 0 0 0 0 0 0 0
63 4 0 0 0 0 0 0 0 0
64 4 0 0 0 0 0 0 0 0
65 4 0 0 0 0 0 0 0 0
66 4 0 0 0 0 0 0 0 0
67 4 1 1 4 2 2 0 0 0
68 4 0 0 0 0 0 0 0 0
69 4 0 0 0 0 0 0 0 0
70 4 0 0 0 0 0 0 0 0
71 4 0 0 0 0 0 0 0 0
72 4 0 0 0 0 0 0 0 0
73 4 0 0 0 0 0 0 0 0
74 4 0 0 0 0 0 0 0 0
75 4 0 0 0 0 0 0 0 0
76 4 0 0 0 0 0 0 0 0
77 4 0 0 0 0 0 0 0 0
129 4 1 1 0 0 0 0 0 0
133 4 0 0 0 0 0 0 0 0
134 4 0 0 0 0 0 0 0 0
135 4 0 0 4 0 0 0 0 0
136 4 0 0 0 0 0 0 0 0
138 4 0 0 4 0 0 0 0 0
fl=/build/glibc-yWQXbR/glibc-2.24/string/../sysdeps/x86_64/multiarch/../strcmp.S
fn=strcmp
144 2561 1 1 0 0 0 0 0 0
145 2561 0 0 0 0 0 0 0 0
147 2561 0 0 0 0 0 0 0 0
148 2561 0 0 0 0 0 0 0 0
169 2561 0 0 0 0 0 0 0 0
170 2561 0 0 0 0 0 0 0 0
171 2447 0 0 0 0 0 0 0 0
172 2447 0 0 0 0 0 0 0 0
173 2339 0 0 2339 57 18 0 0 0
174 2339 0 0 2339 30 12 0 0 0
175 2339 0 0 2339 5 0 0 0 0
176 2339 0 0 2339 6 0 0 0 0
197 2339 0 0 0 0 0 0 0 0
198 2339 0 0 0 0 0 0 0 0
199 2339 0 0 0 0 0 0 0 0
200 2339 0 0 0 0 0 0 0 0
201 2339 0 0 0 0 0 0 0 0
202 2339 0 0 0 0 0 0 0 0
203 2339 0 0 0 0 0 0 0 0
208 38 0 0 0 0 0 0 0 0
209 38 0 0 0 0 0 0 0 0
218 260 1 1 0 0 0 0 0 0
219 260 0 0 0 0 0 0 0 0
220 260 0 0 0 0 0 0 0 0
221 260 0 0 0 0 0 0 0 0
222 260 0 0 0 0 0 0 0 0
223 260 0 0 0 0 0 0 0 0
224 260 0 0 0 0 0 0 0 0
225 260 0 0 0 0 0 0 0 0
226 168 0 0 0 0 0 0 0 0
227 110 0 0 0 0 0 0 0 0
228 110 0 0 0 0 0 0 0 0
229 110 1 1 0 0 0 0 0 0
231 168 0 0 0 0 0 0 0 0
232 168 0 0 0 0 0 0 0 0
233 168 0 0 0 0 0 0 0 0
234 168 0 0 168 9 4 0 0 0
235 168 0 0 0 0 0 0 0 0
236 168 0 0 0 0 0 0 0 0
246 92 0 0 92 9 4 0 0 0
247 92 0 0 0 0 0 0 0 0
248 92 0 0 0 0 0 0 0 0
250 92 0 0 92 1 1 0 0 0
256 92 0 0 0 0 0 0 0 0
257 92 0 0 0 0 0 0 0 0
258 92 0 0 0 0 0 0 0 0
259 92 0 0 0 0 0 0 0 0
260 92 1 1 0 0 0 0 0 0
265 92 0 0 0 0 0 0 0 0
267 85 0 0 0 0 0 0 0 0
268 85 0 0 0 0 0 0 0 0
269 170 0 0 0 0 0 0 0 0
277 103 0 0 103 8 3 0 0 0
278 103 0 0 103 2 2 0 0 0
281 103 0 0 0 0 0 0 0 0
282 103 0 0 0 0 0 0 0 0
283 103 0 0 0 0 0 0 0 0
284 103 0 0 0 0 0 0 0 0
285 103 0 0 0 0 0 0 0 0
286 103 1 1 0 0 0 0 0 0
292 30 0 0 0 0 0 0 0 0
293 30 0 0 30 0 0 0 0 0
294 30 0 0 30 0 0 0 0 0
297 30 0 0 0 0 0 0 0 0
298 30 0 0 0 0 0 0 0 0
299 30 0 0 0 0 0 0 0 0
300 30 0 0 0 0 0 0 0 0
301 30 0 0 0 0 0 0 0 0
302 30 0 0 0 0 0 0 0 0
307 18 0 0 0 0 0 0 0 0
308 18 0 0 0 0 0 0 0 0
571 1 1 1 0 0 0 0 0 0
572 1 0 0 1 0 0 0 0 0
573 1 0 0 1 0 0 0 0 0
574 1 0 0 0 0 0 0 0 0
575 1 0 0 0 0 0 0 0 0
577 1 0 0 0 0 0 0 0 0
578 1 0 0 0 0 0 0 0 0
579 1 0 0 0 0 0 0 0 0
580 1 0 0 0 0 0 0 0 0
581 1 0 0 0 0 0 0 0 0
582 1 0 0 0 0 0 0 0 0
583 1 0 0 0 0 0 0 0 0
584 1 0 0 1 0 0 0 0 0
588 1 0 0 0 0 0 0 0 0
589 1 0 0 0 0 0 0 0 0
590 1 1 1 0 0 0 0 0 0
596 1 0 0 0 0 0 0 0 0
597 1 0 0 0 0 0 0 0 0
598 2 0 0 0 0 0 0 0 0
602 1 0 0 0 0 0 0 0 0
603 1 0 0 0 0 0 0 0 0
606 1 0 0 1 1 1 0 0 0
607 1 0 0 1 1 0 0 0 0
608 1 0 0 0 0 0 0 0 0
611 1 0 0 0 0 0 0 0 0
612 1 1 1 0 0 0 0 0 0
613 1 0 0 0 0 0 0 0 0
619 1 0 0 0 0 0 0 0 0
620 1 0 0 0 0 0 0 0 0
621 1 0 0 0 0 0 0 0 0
622 1 0 0 0 0 0 0 0 0
623 1 0 0 0 0 0 0 0 0
624 1 0 0 0 0 0 0 0 0
946 2 1 1 0 0 0 0 0 0
947 2 0 0 2 0 0 0 0 0
948 2 0 0 2 0 0 0 0 0
949 2 0 0 0 0 0 0 0 0
950 2 0 0 0 0 0 0 0 0
952 2 0 0 0 0 0 0 0 0
953 2 0 0 0 0 0 0 0 0
954 2 0 0 0 0 0 0 0 0
955 2 0 0 0 0 0 0 0 0
956 2 0 0 0 0 0 0 0 0
957 2 0 0 0 0 0 0 0 0
958 2 0 0 0 0 0 0 0 0
959 2 0 0 2 0 0 0 0 0
963 2 0 0 0 0 0 0 0 0
964 2 0 0 0 0 0 0 0 0
965 2 1 1 0 0 0 0 0 0
971 2 0 0 0 0 0 0 0 0
972 2 0 0 0 0 0 0 0 0
973 4 0 0 0 0 0 0 0 0
977 2 0 0 0 0 0 0 0 0
978 2 0 0 0 0 0 0 0 0
981 2 0 0 2 0 0 0 0 0
982 2 0 0 2 0 0 0 0 0
983 2 0 0 0 0 0 0 0 0
986 2 0 0 0 0 0 0 0 0
987 2 1 1 0 0 0 0 0 0
988 2 0 0 0 0 0 0 0 0
994 2 0 0 0 0 0 0 0 0
995 2 0 0 0 0 0 0 0 0
996 2 0 0 0 0 0 0 0 0
997 2 0 0 0 0 0 0 0 0
998 2 0 0 0 0 0 0 0 0
999 2 0 0 0 0 0 0 0 0
1071 19 1 1 0 0 0 0 0 0
1072 19 0 0 19 3 0 0 0 0
1073 19 0 0 19 2 1 0 0 0
1074 19 0 0 0 0 0 0 0 0
1075 19 0 0 0 0 0 0 0 0
1077 19 0 0 0 0 0 0 0 0
1078 19 0 0 0 0 0 0 0 0
1079 19 0 0 0 0 0 0 0 0
1080 19 0 0 0 0 0 0 0 0
1081 19 0 0 0 0 0 0 0 0
1082 19 0 0 0 0 0 0 0 0
1083 19 0 0 0 0 0 0 0 0
1084 1 0 0 1 0 0 0 0 0
1088 1 0 0 0 0 0 0 0 0
1089 1 0 0 0 0 0 0 0 0
1090 1 1 1 0 0 0 0 0 0
1096 1 0 0 0 0 0 0 0 0
1097 1 0 0 0 0 0 0 0 0
1098 2 0 0 0 0 0 0 0 0
1102 1 0 0 0 0 0 0 0 0
1103 1 0 0 0 0 0 0 0 0
1106 1 0 0 1 0 0 0 0 0
1107 1 0 0 1 0 0 0 0 0
1108 1 0 0 0 0 0 0 0 0
1111 1 0 0 0 0 0 0 0 0
1112 1 1 1 0 0 0 0 0 0
1113 1 0 0 0 0 0 0 0 0
1119 1 0 0 0 0 0 0 0 0
1120 1 0 0 0 0 0 0 0 0
1121 1 0 0 0 0 0 0 0 0
1122 1 0 0 0 0 0 0 0 0
1123 1 0 0 0 0 0 0 0 0
1124 1 0 0 0 0 0 0 0 0
1196 5 1 1 0 0 0 0 0 0
1197 5 0 0 5 1 1 0 0 0
1198 5 0 0 5 0 0 0 0 0
1199 5 0 0 0 0 0 0 0 0
1200 5 0 0 0 0 0 0 0 0
1202 5 0 0 0 0 0 0 0 0
1203 5 0 0 0 0 0 0 0 0
1204 5 0 0 0 0 0 0 0 0
1205 5 0 0 0 0 0 0 0 0
1206 5 0 0 0 0 0 0 0 0
1207 5 0 0 0 0 0 0 0 0
1208 5 0 0 0 0 0 0 0 0
1209 1 0 0 1 0 0 0 0 0
1213 1 0 0 0 0 0 0 0 0
1214 1 0 0 0 0 0 0 0 0
1215 1 1 1 0 0 0 0 0 0
1221 1 0 0 0 0 0 0 0 0
1222 1 0 0 0 0 0 0 0 0
1223 2 0 0 0 0 0 0 0 0
1227 1 0 0 0 0 0 0 0 0
1228 1 0 0 0 0 0 0 0 0
1231 1 0 0 1 0 0 0 0 0
1232 1 0 0 1 0 0 0 0 0
1233 1 0 0 0 0 0 0 0 0
1236 1 0 0 0 0 0 0 0 0
1237 1 1 1 0 0 0 0 0 0
1238 1 0 0 0 0 0 0 0 0
1244 1 0 0 0 0 0 0 0 0
1245 1 0 0 0 0 0 0 0 0
1246 1 0 0 0 0 0 0 0 0
1247 1 0 0 0 0 0 0 0 0
1248 1 0 0 0 0 0 0 0 0
1249 1 0 0 0 0 0 0 0 0
1321 18 1 1 0 0 0 0 0 0
1322 18 0 0 18 0 0 0 0 0
1323 18 0 0 18 1 0 0 0 0
1324 18 0 0 0 0 0 0 0 0
1325 18 0 0 0 0 0 0 0 0
1327 18 0 0 0 0 0 0 0 0
1328 18 0 0 0 0 0 0 0 0
1329 18 0 0 0 0 0 0 0 0
1330 18 0 0 0 0 0 0 0 0
1331 18 0 0 0 0 0 0 0 0
1332 18 0 0 0 0 0 0 0 0
1333 18 0 0 0 0 0 0 0 0
1446 8 1 1 0 0 0 0 0 0
1447 8 0 0 8 0 0 0 0 0
1448 8 0 0 8 0 0 0 0 0
1449 8 0 0 0 0 0 0 0 0
1450 8 0 0 0 0 0 0 0 0
1452 8 0 0 0 0 0 0 0 0
1453 8 0 0 0 0 0 0 0 0
1454 8 0 0 0 0 0 0 0 0
1455 8 0 0 0 0 0 0 0 0
1456 8 0 0 0 0 0 0 0 0
1457 8 0 0 0 0 0 0 0 0
1458 8 0 0 0 0 0 0 0 0
1459 1 0 0 1 0 0 0 0 0
1463 1 0 0 0 0 0 0 0 0
1464 1 0 0 0 0 0 0 0 0
1465 1 1 1 0 0 0 0 0 0
1471 1 0 0 0 0 0 0 0 0
1472 1 0 0 0 0 0 0 0 0
1473 2 0 0 0 0 0 0 0 0
1477 1 0 0 0 0 0 0 0 0
1478 1 0 0 0 0 0 0 0 0
1481 1 0 0 1 0 0 0 0 0
1482 1 0 0 1 0 0 0 0 0
1483 1 0 0 0 0 0 0 0 0
1486 1 0 0 0 0 0 0 0 0
1487 1 1 1 0 0 0 0 0 0
1488 1 0 0 0 0 0 0 0 0
1494 1 0 0 0 0 0 0 0 0
1495 1 0 0 0 0 0 0 0 0
1496 1 0 0 0 0 0 0 0 0
1497 1 0 0 0 0 0 0 0 0
1498 1 0 0 0 0 0 0 0 0
1499 1 0 0 0 0 0 0 0 0
1571 7 1 1 0 0 0 0 0 0
1572 7 0 0 7 1 1 0 0 0
1573 7 0 0 7 0 0 0 0 0
1574 7 0 0 0 0 0 0 0 0
1575 7 0 0 0 0 0 0 0 0
1577 7 0 0 0 0 0 0 0 0
1578 7 0 0 0 0 0 0 0 0
1579 7 0 0 0 0 0 0 0 0
1580 7 0 0 0 0 0 0 0 0
1581 7 0 0 0 0 0 0 0 0
1582 7 0 0 0 0 0 0 0 0
1583 7 0 0 0 0 0 0 0 0
1584 1 0 0 1 0 0 0 0 0
1588 1 0 0 0 0 0 0 0 0
1589 1 0 0 0 0 0 0 0 0
1590 1 1 1 0 0 0 0 0 0
1596 1 0 0 0 0 0 0 0 0
1597 1 0 0 0 0 0 0 0 0
1598 2 0 0 0 0 0 0 0 0
1602 1 0 0 0 0 0 0 0 0
1603 1 0 0 0 0 0 0 0 0
1606 1 0 0 1 0 0 0 0 0
1607 1 0 0 1 1 1 0 0 0
1608 1 0 0 0 0 0 0 0 0
1611 1 0 0 0 0 0 0 0 0
1612 1 1 1 0 0 0 0 0 0
1613 1 0 0 0 0 0 0 0 0
1619 1 0 0 0 0 0 0 0 0
1620 1 0 0 0 0 0 0 0 0
1621 1 0 0 0 0 0 0 0 0
1622 1 0 0 0 0 0 0 0 0
1623 1 0 0 0 0 0 0 0 0
1624 1 0 0 0 0 0 0 0 0
1696 10 1 1 0 0 0 0 0 0
1697 10 0 0 10 3 3 0 0 0
1698 10 0 0 10 2 1 0 0 0
1699 10 0 0 0 0 0 0 0 0
1700 10 0 0 0 0 0 0 0 0
1702 10 0 0 0 0 0 0 0 0
1703 10 0 0 0 0 0 0 0 0
1704 10 0 0 0 0 0 0 0 0
1705 10 0 0 0 0 0 0 0 0
1706 10 0 0 0 0 0 0 0 0
1707 10 0 0 0 0 0 0 0 0
1708 10 0 0 0 0 0 0 0 0
1709 4 0 0 4 0 0 0 0 0
1713 4 0 0 0 0 0 0 0 0
1714 4 0 0 0 0 0 0 0 0
1715 4 1 1 0 0 0 0 0 0
1721 4 0 0 0 0 0 0 0 0
1722 4 0 0 0 0 0 0 0 0
1723 8 0 0 0 0 0 0 0 0
1727 4 0 0 0 0 0 0 0 0
1728 4 0 0 0 0 0 0 0 0
1731 4 0 0 4 2 2 0 0 0
1732 4 0 0 4 2 1 0 0 0
1733 4 0 0 0 0 0 0 0 0
1736 4 0 0 0 0 0 0 0 0
1737 4 1 1 0 0 0 0 0 0
1738 4 0 0 0 0 0 0 0 0
1744 4 0 0 0 0 0 0 0 0
1745 4 0 0 0 0 0 0 0 0
1746 4 0 0 0 0 0 0 0 0
1747 4 0 0 0 0 0 0 0 0
1748 4 0 0 0 0 0 0 0 0
1749 4 0 0 0 0 0 0 0 0
1756 1 0 0 0 0 0 0 0 0
1757 1 0 0 0 0 0 0 0 0
1759 1 0 0 0 0 0 0 0 0
1760 1 0 0 0 0 0 0 0 0
1762 1 0 0 1 0 0 0 0 0
1763 1 0 0 1 0 0 0 0 0
1764 1 0 0 0 0 0 0 0 0
1767 1 1 1 0 0 0 0 0 0
1768 1 0 0 0 0 0 0 0 0
1769 1 0 0 0 0 0 0 0 0
1775 1 0 0 0 0 0 0 0 0
1776 1 0 0 0 0 0 0 0 0
1777 1 0 0 0 0 0 0 0 0
1778 1 0 0 0 0 0 0 0 0
1779 1 0 0 0 0 0 0 0 0
1780 1 0 0 0 0 0 0 0 0
1821 12 2 2 0 0 0 0 0 0
1822 12 0 0 12 1 1 0 0 0
1823 12 0 0 12 1 1 0 0 0
1824 12 0 0 0 0 0 0 0 0
1825 12 0 0 0 0 0 0 0 0
1827 12 0 0 0 0 0 0 0 0
1828 12 0 0 0 0 0 0 0 0
1829 12 0 0 0 0 0 0 0 0
1830 12 0 0 0 0 0 0 0 0
1831 12 0 0 0 0 0 0 0 0
1832 12 0 0 0 0 0 0 0 0
1833 12 0 0 0 0 0 0 0 0
1834 2 0 0 2 0 0 0 0 0
1838 2 0 0 0 0 0 0 0 0
1839 2 0 0 0 0 0 0 0 0
1840 2 2 2 0 0 0 0 0 0
1846 2 0 0 0 0 0 0 0 0
1847 2 0 0 0 0 0 0 0 0
1848 4 0 0 0 0 0 0 0 0
1852 2 0 0 0 0 0 0 0 0
1853 2 0 0 0 0 0 0 0 0
1856 2 0 0 2 1 1 0 0 0
1857 2 0 0 2 1 0 0 0 0
1858 2 0 0 0 0 0 0 0 0
1861 2 0 0 0 0 0 0 0 0
1862 2 1 1 0 0 0 0 0 0
1863 2 0 0 0 0 0 0 0 0
1869 2 0 0 0 0 0 0 0 0
1870 2 0 0 0 0 0 0 0 0
1871 2 0 0 0 0 0 0 0 0
1872 2 0 0 0 0 0 0 0 0
1873 2 0 0 0 0 0 0 0 0
1874 2 0 0 0 0 0 0 0 0
1881 1 0 0 0 0 0 0 0 0
1882 1 0 0 0 0 0 0 0 0
1884 1 0 0 0 0 0 0 0 0
1885 1 0 0 0 0 0 0 0 0
1887 1 0 0 1 0 0 0 0 0
1888 1 0 0 1 0 0 0 0 0
1889 1 0 0 0 0 0 0 0 0
1892 1 1 1 0 0 0 0 0 0
1893 1 0 0 0 0 0 0 0 0
1894 1 0 0 0 0 0 0 0 0
1900 1 0 0 0 0 0 0 0 0
1901 1 0 0 0 0 0 0 0 0
1902 1 0 0 0 0 0 0 0 0
1903 1 0 0 0 0 0 0 0 0
1904 1 0 0 0 0 0 0 0 0
1905 1 0 0 0 0 0 0 0 0
1946 15 1 1 0 0 0 0 0 0
1947 15 0 0 15 0 0 0 0 0
1948 15 0 0 15 2 1 0 0 0
1949 15 0 0 0 0 0 0 0 0
1950 15 0 0 0 0 0 0 0 0
1952 15 0 0 0 0 0 0 0 0
1953 15 0 0 0 0 0 0 0 0
1954 15 0 0 0 0 0 0 0 0
1955 15 0 0 0 0 0 0 0 0
1956 15 0 0 0 0 0 0 0 0
1957 15 0 0 0 0 0 0 0 0
1958 15 0 0 0 0 0 0 0 0
1959 1 0 0 1 0 0 0 0 0
1963 1 0 0 0 0 0 0 0 0
1964 1 0 0 0 0 0 0 0 0
1965 1 1 1 0 0 0 0 0 0
1971 1 0 0 0 0 0 0 0 0
1972 1 0 0 0 0 0 0 0 0
1973 2 0 0 0 0 0 0 0 0
1977 1 0 0 0 0 0 0 0 0
1978 1 0 0 0 0 0 0 0 0
1981 1 0 0 1 1 0 0 0 0
1982 1 0 0 1 1 1 0 0 0
1983 1 0 0 0 0 0 0 0 0
1986 1 0 0 0 0 0 0 0 0
1987 1 1 1 0 0 0 0 0 0
1988 1 0 0 0 0 0 0 0 0
1994 1 0 0 0 0 0 0 0 0
1995 1 0 0 0 0 0 0 0 0
1996 1 0 0 0 0 0 0 0 0
1997 1 0 0 0 0 0 0 0 0
1998 1 0 0 0 0 0 0 0 0
1999 1 0 0 0 0 0 0 0 0
2071 71 1 1 0 0 0 0 0 0
2072 71 0 0 71 12 0 0 0 0
2073 71 0 0 71 1 1 0 0 0
2074 71 0 0 0 0 0 0 0 0
2075 71 0 0 0 0 0 0 0 0
2077 71 0 0 0 0 0 0 0 0
2078 71 0 0 0 0 0 0 0 0
2079 71 0 0 0 0 0 0 0 0
2080 71 0 0 0 0 0 0 0 0
2081 71 0 0 0 0 0 0 0 0
2082 71 0 0 0 0 0 0 0 0
2083 71 0 0 0 0 0 0 0 0
2085 4 0 0 4 0 0 0 0 0
2089 4 0 0 0 0 0 0 0 0
2090 4 0 0 0 0 0 0 0 0
2091 4 1 1 0 0 0 0 0 0
2097 4 0 0 0 0 0 0 0 0
2098 4 0 0 0 0 0 0 0 0
2100 8 0 0 0 0 0 0 0 0
2104 4 0 0 0 0 0 0 0 0
2105 4 0 0 0 0 0 0 0 0
2108 4 0 0 4 1 1 0 0 0
2109 4 0 0 4 0 0 0 0 0
2110 4 0 0 0 0 0 0 0 0
2113 4 0 0 0 0 0 0 0 0
2114 4 1 1 0 0 0 0 0 0
2115 4 0 0 0 0 0 0 0 0
2121 4 0 0 0 0 0 0 0 0
2122 4 0 0 0 0 0 0 0 0
2123 4 0 0 0 0 0 0 0 0
2124 4 0 0 0 0 0 0 0 0
2125 4 0 0 0 0 0 0 0 0
2126 4 0 0 0 0 0 0 0 0
2200 103 0 0 0 0 0 0 0 0
2202 260 1 1 0 0 0 0 0 0
2203 260 0 0 0 0 0 0 0 0
2204 260 0 0 0 0 0 0 0 0
2205 260 0 0 0 0 0 0 0 0
2206 330 0 0 0 0 0 0 0 0
2211 2561 0 0 0 0 0 0 0 0
2217 2561 0 0 2561 0 0 0 0 0
2218 2561 0 0 2561 0 0 0 0 0
2226 2561 0 0 0 0 0 0 0 0
2227 2561 0 0 2561 0 0 0 0 0
fl=/build/glibc-yWQXbR/glibc-2.24/string/../sysdeps/x86_64/multiarch/../strcspn.S
fn=strcspn
33 1 1 1 0 0 0 0 0 0
40 1 0 0 0 0 0 0 0 0
41 1 0 0 0 0 0 0 0 0
43 1 0 0 0 0 0 0 0 0
44 1 0 0 0 0 0 0 0 0
45 1 0 0 0 0 0 0 0 0
46 1 0 0 0 0 0 0 0 0
47 33 0 0 0 0 0 32 8 4
50 2 0 0 0 0 0 0 0 0
57 1 0 0 1 0 0 0 0 0
58 1 0 0 0 0 0 0 0 0
59 1 0 0 0 0 0 0 0 0
60 1 0 0 0 0 0 1 0 0
62 1 0 0 1 0 0 0 0 0
63 1 0 0 0 0 0 0 0 0
64 1 1 1 0 0 0 0 0 0
65 1 0 0 0 0 0 1 0 0
67 1 0 0 1 0 0 0 0 0
68 1 0 0 0 0 0 0 0 0
69 1 0 0 0 0 0 0 0 0
78 3 0 0 0 0 0 0 0 0
90 12 0 0 0 0 0 0 0 0
92 12 0 0 12 0 0 0 0 0
93 12 0 0 12 0 0 0 0 0
94 12 0 0 0 0 0 0 0 0
96 12 0 0 12 0 0 0 0 0
97 12 0 0 12 0 0 0 0 0
98 12 0 0 0 0 0 0 0 0
100 12 0 0 12 0 0 0 0 0
101 12 0 0 12 0 0 0 0 0
102 12 0 0 0 0 0 0 0 0
104 12 0 0 12 0 0 0 0 0
105 12 0 0 12 0 0 0 0 0
106 12 0 0 0 0 0 0 0 0
108 1 0 0 0 0 0 0 0 0
109 1 0 0 0 0 0 0 0 0
110 1 0 0 0 0 0 0 0 0
112 1 0 0 0 0 0 0 0 0
119 1 0 0 0 0 0 0 0 0
123 1 0 0 1 0 0 0 0 0
fl=/build/glibc-yWQXbR/glibc-2.24/string/../sysdeps/x86_64/multiarch/memmove.S
fn=memmove
29 1 1 1 1 0 0 0 0 0
30 1 0 0 0 0 0 0 0 0
31 1 0 0 1 0 0 0 0 0
32 1 0 0 0 0 0 0 0 0
33 1 0 0 1 0 0 0 0 0
34 1 0 0 0 0 0 0 0 0
45 1 1 1 0 0 0 0 0 0
46 1 0 0 1 0 0 0 0 0
47 1 0 0 0 0 0 0 0 0
48 1 1 1 1 0 0 0 0 0
49 1 0 0 0 0 0 0 0 0
50 1 0 0 0 0 0 0 0 0
51 1 0 0 1 0 0 0 0 0
fl=/build/glibc-yWQXbR/glibc-2.24/string/../sysdeps/x86_64/multiarch/memset-vec-unaligned-erms.S
fn=__memset_avx2_erms
114 3 0 0 0 0 0 0 0 0
115 3 0 0 0 0 0 0 0 0
116 3 0 0 0 0 0 0 0 0
117 3 0 0 0 0 0 0 0 0
118 4800003 0 0 0 0 0 4800000 150000 75000
119 3 0 0 0 0 0 0 0 0
120 3 0 0 3 3 3 0 0 0
fn=__memset_avx2_unaligned_erms
135 9 1 1 0 0 0 0 0 0
136 3 0 0 0 0 0 0 0 0
137 3 1 1 0 0 0 0 0 0
138 3 0 0 0 0 0 0 0 0
139 3 0 0 0 0 0 0 0 0
147 3 0 0 0 0 0 0 0 0
148 3 0 0 0 0 0 0 0 0
fl=/build/glibc-yWQXbR/glibc-2.24/string/../sysdeps/x86_64/multiarch/memset.S
fn=memset
28 1 1 1 1 0 0 0 0 0
29 1 0 0 0 0 0 0 0 0
30 1 1 1 1 0 0 0 0 0
31 1 0 0 0 0 0 0 0 0
32 1 0 0 0 0 0 0 0 0
33 1 0 0 1 1 0 0 0 0
34 1 0 0 0 0 0 0 0 0
37 1 0 0 1 0 0 0 0 0
38 1 0 0 0 0 0 0 0 0
39 1 0 0 0 0 0 0 0 0
40 1 1 1 1 0 0 0 0 0
41 1 0 0 0 0 0 0 0 0
44 1 0 0 1 0 0 0 0 0
45 1 0 0 0 0 0 0 0 0
55 1 1 1 1 0 0 0 0 0
fl=/build/glibc-yWQXbR/glibc-2.24/string/../sysdeps/x86_64/multiarch/strcmp.S
fn=strcasecmp
109 1 1 1 1 0 0 0 0 0
110 1 0 0 0 0 0 0 0 0
111 1 0 0 1 1 0 0 0 0
112 1 0 0 0 0 0 0 0 0
122 1 1 1 1 0 0 0 0 0
fn=strncasecmp
129 1 1 1 1 0 0 0 0 0
130 1 0 0 0 0 0 0 0 0
131 1 0 0 1 0 0 0 0 0
132 1 0 0 0 0 0 0 0 0
142 1 1 1 1 0 0 0 0 0
fl=/build/glibc-yWQXbR/glibc-2.24/string/../sysdeps/x86_64/multiarch/strcspn.S
fn=strcspn
45 1 1 1 1 0 0 0 0 0
46 1 0 0 0 0 0 0 0 0
47 1 1 1 1 1 0 0 0 0
48 1 0 0 0 0 0 0 0 0
49 1 0 0 0 0 0 0 0 0
50 1 0 0 1 0 0 0 0 0
fn=strpbrk
45 1 1 1 1 0 0 0 0 0
46 1 0 0 0 0 0 0 0 0
47 1 0 0 1 0 0 0 0 0
48 1 0 0 0 0 0 0 0 0
49 1 1 1 0 0 0 0 0 0
50 1 0 0 1 0 0 0 0 0
fl=/build/glibc-yWQXbR/glibc-2.24/string/../sysdeps/x86_64/multiarch/strspn.S
fn=strspn
30 1 1 1 1 0 0 0 0 0
31 1 0 0 0 0 0 0 0 0
32 1 1 1 1 0 0 0 0 0
33 1 0 0 0 0 0 0 0 0
34 1 0 0 0 0 0 0 0 0
35 1 0 0 1 0 0 0 0 0
fl=/build/glibc-yWQXbR/glibc-2.24/string/../sysdeps/x86_64/strlen.S
fn=strlen
66 28 1 1 0 0 0 0 0 0
67 28 0 0 0 0 0 0 0 0
68 28 0 0 0 0 0 0 0 0
69 28 0 0 0 0 0 0 0 0
70 28 0 0 0 0 0 0 0 0
71 28 0 0 0 0 0 0 0 0
72 28 0 0 0 0 0 0 0 0
74 28 0 0 0 0 0 0 0 0
76 28 0 0 0 0 0 0 0 0
106 27 0 0 27 3 1 0 0 0
107 27 0 0 0 0 0 0 0 0
108 27 0 0 0 0 0 0 0 0
109 27 0 0 0 0 0 0 0 0
110 27 0 0 0 0 0 0 0 0
111 12 0 0 0 0 0 0 0 0
112 12 0 0 12 0 0 0 0 0
116 15 0 0 0 0 0 0 0 0
117 15 1 1 15 0 0 0 0 0
118 15 0 0 15 0 0 0 0 0
119 15 0 0 15 2 2 0 0 0
120 15 0 0 0 0 0 0 0 0
121 15 0 0 0 0 0 0 0 0
122 15 0 0 0 0 0 0 0 0
123 15 0 0 0 0 0 0 0 0
124 15 0 0 0 0 0 0 0 0
125 15 0 0 0 0 0 0 0 0
126 15 0 0 0 0 0 0 0 0
127 15 0 0 0 0 0 0 0 0
132 120 0 0 15 0 0 0 0 0
136 1 1 1 0 0 0 0 0 0
137 14 1 1 4 1 0 0 0 0
138 8 0 0 1 0 0 0 0 0
fl=/build/glibc-yWQXbR/glibc-2.24/string/../sysdeps/x86_64/strrchr.S
fn=rindex
24 1 1 1 0 0 0 0 0 0
25 1 0 0 0 0 0 0 0 0
26 1 0 0 0 0 0 0 0 0
27 1 0 0 0 0 0 0 0 0
28 1 1 1 0 0 0 0 0 0
29 1 0 0 0 0 0 0 0 0
30 1 0 0 0 0 0 0 0 0
31 1 0 0 0 0 0 0 0 0
32 1 0 0 1 1 1 0 0 0
33 1 0 0 0 0 0 0 0 0
34 1 0 0 0 0 0 0 0 0
35 1 0 0 0 0 0 0 0 0
36 1 0 0 0 0 0 0 0 0
37 1 0 0 0 0 0 0 0 0
38 1 0 0 0 0 0 0 0 0
39 1 0 0 0 0 0 0 0 0
40 1 0 0 0 0 0 0 0 0
41 1 0 0 0 0 0 0 0 0
42 1 0 0 0 0 0 0 0 0
43 1 0 0 0 0 0 0 0 0
44 1 1 1 0 0 0 0 0 0
45 1 0 0 0 0 0 0 0 0
46 1 0 0 0 0 0 0 0 0
47 1 0 0 1 0 0 0 0 0
fl=/build/glibc-yWQXbR/glibc-2.24/string/strdup.c
fn=strdup
40 24 1 1 0 0 0 12 0 0
41 12 1 1 0 0 0 6 0 0
42 12 0 0 0 0 0 6 0 0
44 12 0 0 0 0 0 0 0 0
47 24 0 0 0 0 0 0 0 0
48 18 0 0 12 0 0 0 0 0
fl=/build/glibc-yWQXbR/glibc-2.24/time/../sysdeps/generic/dl-hash.h
fn=gettimeofday
45 12 0 0 4 0 0 0 0 0
48 12 1 1 0 0 0 0 0 0
62 16 0 0 0 0 0 0 0 0
67 1 0 0 0 0 0 0 0 0
fn=time
45 12 1 1 4 1 1 0 0 0
48 12 0 0 0 0 0 0 0 0
62 16 0 0 0 0 0 0 0 0
67 1 0 0 0 0 0 0 0 0
fl=/build/glibc-yWQXbR/glibc-2.24/time/../sysdeps/unix/sysv/linux/x86/gettimeofday.c
fn=gettimeofday
36 1 0 0 0 0 0 0 0 0
37 10 2 2 0 0 0 4 0 0
40 3 0 0 0 0 0 1 0 0
41 3 0 0 0 0 0 0 0 0
42 2 0 0 1 0 0 0 0 0
fl=/build/glibc-yWQXbR/glibc-2.24/time/../sysdeps/unix/sysv/linux/x86/time.c
fn=time
37 1 0 0 0 0 0 0 0 0
38 10 2 2 0 0 0 4 0 0
41 3 0 0 0 0 0 1 0 0
42 3 0 0 0 0 0 0 0 0
43 2 0 0 1 0 0 0 0 0
fl=/users/alumnos-15-16/a0346154/lab/source/soa.cpp
fn=main
8 3 1 1 0 0 0 1 0 0
9 15 1 1 0 0 0 3 1 1
11 400003 0 0 200001 0 0 1 1 1
12 1000000 1 1 500000 50000 25000 100000 25000 12500
13 1300000 1 1 500000 50000 25000 100000 25000 12500
16 1 0 0 0 0 0 0 0 0
17 2 0 0 2 0 0 0 0 0
fl=???
fn=???
0 942 87 85 314 87 38 222 27 15
fn=__cpu_indicator_init
0 85 8 8 18 3 2 12 0 0
fn=__cxa_guard_acquire
0 26 3 3 10 1 0 6 0 0
fn=__cxa_guard_release
0 5 2 2 2 0 0 2 0 0
fn=__libc_csu_init
0 34 2 2 8 1 0 8 0 0
fn=_start
0 11 2 2 2 1 0 3 0 0
fn=std::_V2::error_category::~error_category()
0 3 1 1 3 0 0 0 0 0
fn=std::error_category::error_category()
0 8 1 1 4 1 0 2 0 0
fn=std::error_category::~error_category()
0 2 0 0 2 0 0 0 0 0
fn=std::future_category()
0 17 2 2 2 1 1 3 0 0
summary: 9593355 984 982 1705964 118817 58386 5180950 203371 101353
